[{"id": 0, "img_name": "0001", "width": 1067, "height": 1898, "position": [4.141578457459813, 1.0819465256577891, -1.186323269043215], "rotation": [[0.32435092686195294, 0.4896751624244464, -0.8093297915858431], [-0.4968341218602878, 0.8162575979274806, 0.29475309867917576], [0.8049548630818429, 0.3064992155458987, 0.5080412377658333]], "fy": 1739.88384936641, "fx": 1751.888852056133}, {"id": 1, "img_name": "0002", "width": 1067, "height": 1898, "position": [4.199329579067919, 1.003289170722439, -1.0352094045926594], "rotation": [[0.27790328393642366, 0.49316864346052486, -0.8243509288432063], [-0.5000637840639381, 0.8069801452627351, 0.31419620783737995], [0.8201865499049632, 0.32491188691557704, 0.47087821047055556]], "fy": 1739.88384936641, "fx": 1751.888852056133}, {"id": 2, "img_name": "0003", "width": 1067, "height": 1898, "position": [4.342885595246551, 0.7318172420175562, -0.7001058623324623], "rotation": [[0.15431093835997028, 0.5043795646047093, -0.8495818907625262], [-0.4988870175059461, 0.7819890296981847, 0.3736373926626095], [0.852818783837743, 0.3661890389414394, 0.3722978776365208]], "fy": 1739.88384936641, "fx": 1751.888852056133}, {"id": 3, "img_name": "0004", "width": 1067, "height": 1898, "position": [4.206590776500532, 0.33226494721282923, -0.16562233449118127], "rotation": [[-0.01925921753735134, 0.513378307768033, -0.8579462661805104], [-0.4772804347686934, 0.7492990123692508, 0.45907992403226733], [0.8785399644449053, 0.41832248705477953, 0.2305945092526011]], "fy": 1739.88384936641, "fx": 1751.888852056133}, {"id": 4, "img_name": "0005", "width": 1067, "height": 1898, "position": [4.028011588611371, -0.15107160043614543, 0.6336150189903411], "rotation": [[-0.17336176468509548, 0.5227404935147036, -0.8346784260931112], [-0.44237596023999004, 0.7158709690784889, 0.5402150177775252], [0.8799143187532611, 0.46289429902584583, 0.10714317328861728]], "fy": 1739.88384936641, "fx": 1751.888852056133}, {"id": 5, "img_name": "0006", "width": 1067, "height": 1898, "position": [3.8971350998795873, -0.7223523712396296, 1.3381040814968614], "rotation": [[-0.40219644850612485, 0.5077728566061313, -0.7618429909785281], [-0.3825130169295882, 0.662814714878235, 0.6437083544745311], [0.8318183748201794, 0.5503120749492358, -0.07235199704625943]], "fy": 1739.88384936641, "fx": 1751.888852056133}, {"id": 6, "img_name": "0007", "width": 1067, "height": 1898, "position": [3.4463103416721528, -1.0339249967086577, 1.8232970662719588], "rotation": [[-0.5974659355194719, 0.468460517002643, -0.6508296243284086], [-0.3050212481021533, 0.6178432152460782, 0.7247287765644419], [0.7416174850285326, 0.6315176208024638, -0.22624986301863004]], "fy": 1739.88384936641, "fx": 1751.888852056133}, {"id": 7, "img_name": "0008", "width": 1067, "height": 1898, "position": [2.9148444971419054, -1.3157741015198303, 2.3273229789873864], "rotation": [[-0.6900660422479835, 0.4474857085986887, -0.5688280917255525], [-0.2592325063583105, 0.5809810895788191, 0.7715306093726914], [0.6757272859544691, 0.679865805988018, -0.2849124793070143]], "fy": 1739.88384936641, "fx": 1751.888852056133}, {"id": 8, "img_name": "0009", "width": 1067, "height": 1898, "position": [2.469920623984434, -1.3747706665026045, 2.6151843958733023], "rotation": [[-0.8549561439069154, 0.35133639129227434, -0.38159236385119033], [-0.14519316875023147, 0.5441622326160488, 0.8263210080486783], [0.4979647936793164, 0.7618728271490188, -0.41422320010819824]], "fy": 1739.88384936641, "fx": 1751.888852056133}, {"id": 9, "img_name": "0010", "width": 1067, "height": 1898, "position": [1.9877825739750967, -1.4100258621972228, 2.8630436106629156], "rotation": [[-0.8868460488342704, 0.3139041598683281, -0.33906970387281854], [-0.13423786312120412, 0.5271335904107062, 0.8391128493625696], [0.44213604441585025, 0.7896799074802885, -0.4253485182179759]], "fy": 1739.88384936641, "fx": 1751.888852056133}, {"id": 10, "img_name": "0011", "width": 1067, "height": 1898, "position": [1.368548571148639, -1.5680560077106516, 3.238028877336673], "rotation": [[-0.9612095755053838, 0.21001225980110283, -0.1788043698850613], [-0.04762154687095728, 0.5121691256454418, 0.8575633941634874], [0.2716769041165939, 0.8328130867540554, -0.4823007591750248]], "fy": 1739.88384936641, "fx": 1751.888852056133}, {"id": 11, "img_name": "0012", "width": 1067, "height": 1898, "position": [0.8232453360025779, -1.5782758923968823, 3.39233619060887], "rotation": [[-0.9770779781360346, 0.1739978491081024, -0.1226514294549901], [-0.017280068795774595, 0.5094221249994163, 0.8603432441668223], [0.2121792258068911, 0.842741862652398, -0.49473844510928705]], "fy": 1739.88384936641, "fx": 1751.888852056133}, {"id": 12, "img_name": "0013", "width": 1067, "height": 1898, "position": [0.2422030577489751, -1.6523116590035916, 3.523791278166126], "rotation": [[-0.9950385725156035, 0.09619487636368547, 0.025392616396988133], [0.07169665202517589, 0.5163671271795869, 0.8533607561029983], [0.06897702004646304, 0.8509474341753874, -0.520702059700011]], "fy": 1739.88384936641, "fx": 1751.888852056133}, {"id": 13, "img_name": "0014", "width": 1067, "height": 1898, "position": [-0.14689463873901787, -1.5742444252558083, 3.607836726105906], "rotation": [[-0.9935030324099556, 0.03339557588603867, 0.10879549670580249], [0.11019332461150487, 0.5212295083065501, 0.8462725511805138], [-0.02844566405071193, 0.8527628833279224, -0.521523066618306]], "fy": 1739.88384936641, "fx": 1751.888852056133}, {"id": 14, "img_name": "0015", "width": 1067, "height": 1898, "position": [-0.5784217110237316, -1.484384164954435, 3.4632648772701007], "rotation": [[-0.979776942410019, -0.02939792115483275, 0.19792146258919993], [0.1533127493997847, 0.5253234165455718, 0.8369770061957293], [-0.1285781629716051, 0.8503946555927204, -0.5101926947205196]], "fy": 1739.88384936641, "fx": 1751.888852056133}, {"id": 15, "img_name": "0016", "width": 1067, "height": 1898, "position": [-1.1286317112759705, -1.4919914436655597, 3.333923704377441], "rotation": [[-0.9059320096260247, -0.13957133217441461, 0.3997587236946948], [0.270494675484953, 0.5355855388308541, 0.7999879756156049], [-0.3257603789125407, 0.8328673206641757, -0.4474507813161521]], "fy": 1739.88384936641, "fx": 1751.888852056133}, {"id": 16, "img_name": "0017", "width": 1067, "height": 1898, "position": [-1.5717196862461813, -1.3346928398932891, 3.2133874460740977], "rotation": [[-0.8878495050543052, -0.14903688900012224, 0.4353289125385422], [0.2970260548868863, 0.5369359061179921, 0.7896045563695685], [-0.3514239307348845, 0.8303540440308674, -0.4324504393204229]], "fy": 1739.88384936641, "fx": 1751.888852056133}, {"id": 17, "img_name": "0018", "width": 1067, "height": 1898, "position": [-2.027789090339686, -1.0044064761318041, 2.8663960235914594], "rotation": [[-0.7599241376779161, -0.2426988101564843, 0.6030029788675187], [0.3877781135246127, 0.5752497682072298, 0.7202192991366037], [-0.5216736907740002, 0.7811433874303456, -0.3430328972971505]], "fy": 1739.88384936641, "fx": 1751.888852056133}, {"id": 18, "img_name": "0019", "width": 1067, "height": 1898, "position": [-2.7174658072420947, -0.8209870576710596, 2.3432258126450223], "rotation": [[-0.6024028382731942, -0.30151593937990223, 0.7390527442207729], [0.4771416020763789, 0.6062368809007285, 0.6362489574087667], [-0.639880232550113, 0.7359109881878455, -0.22133301935319627]], "fy": 1739.88384936641, "fx": 1751.888852056133}, {"id": 19, "img_name": "0020", "width": 1067, "height": 1898, "position": [-3.334834256405383, -0.6039502432222212, 1.9168713220094749], "rotation": [[-0.5736980853148251, -0.3257728723734974, 0.7514935412441177], [0.4669135859794697, 0.6237476763918687, 0.62684171799868], [-0.672950377170483, 0.7105004375940002, -0.2057350676108443]], "fy": 1739.88384936641, "fx": 1751.888852056133}, {"id": 20, "img_name": "0021", "width": 1067, "height": 1898, "position": [-3.4241019307055107, -0.3678721901379741, 1.57919754277493], "rotation": [[-0.43778000471146883, -0.3899208236924106, 0.8101298776899034], [0.4966258838561521, 0.6462527336508982, 0.5794136136930481], [-0.7494740815791573, 0.6559871610784566, -0.08927175108232743]], "fy": 1739.88384936641, "fx": 1751.888852056133}, {"id": 21, "img_name": "0022", "width": 1067, "height": 1898, "position": [-3.687307998868495, -0.1395972531900231, 1.1155834386985422], "rotation": [[-0.278400813012524, -0.43613427069030875, 0.8557335363554462], [0.5300349206512109, 0.6732426213063757, 0.5155650839096694], [-0.8009718910200467, 0.5971023955620613, 0.04373510043223379]], "fy": 1739.88384936641, "fx": 1751.888852056133}, {"id": 22, "img_name": "0023", "width": 1067, "height": 1898, "position": [-3.721261550271777, 0.06449408167274889, 0.8962538646955168], "rotation": [[-0.1757241477584508, -0.46774552092010757, 0.8662188820117825], [0.5227986299596427, 0.7012370849747008, 0.48471449655287246], [-0.8341478384596378, 0.5380340865738539, 0.12131242837299223]], "fy": 1739.88384936641, "fx": 1751.888852056133}, {"id": 23, "img_name": "0024", "width": 1067, "height": 1898, "position": [-3.8022644570074453, 0.33810603707588266, 0.41722727477713367], "rotation": [[-0.027288174282484347, -0.4855474631869369, 0.8737843077882886], [0.5434543173777178, 0.7264410752394695, 0.42064328014178737], [-0.838995089656577, 0.48634044166371104, 0.24404961449364945]], "fy": 1739.88384936641, "fx": 1751.888852056133}, {"id": 24, "img_name": "0025", "width": 1067, "height": 1898, "position": [-3.929079920165181, 0.6208195049090127, -0.1392855386790644], "rotation": [[0.1785924217580509, -0.48411859861972784, 0.8565827043322001], [0.5330418914746247, 0.7793603443199224, 0.3293384211334693], [-0.8270254462976026, 0.397777118713486, 0.3972433448205878]], "fy": 1739.88384936641, "fx": 1751.888852056133}, {"id": 25, "img_name": "0026", "width": 1067, "height": 1898, "position": [-4.03950884374094, 0.8320909556435588, -0.6253882436364255], "rotation": [[0.30833478995038227, -0.46608671286404746, 0.8292724723502164], [0.5085472498079805, 0.8174820721214837, 0.27037521423515243], [-0.8039336738929358, 0.3383581502661817, 0.48908527899483417]], "fy": 1739.88384936641, "fx": 1751.888852056133}, {"id": 26, "img_name": "0027", "width": 1067, "height": 1898, "position": [-3.8253233065611965, 1.1373465325592913, -1.0694916894633955], "rotation": [[0.4048951533587209, -0.4469771482404839, 0.797666185655016], [0.48071705723646707, 0.8461396742542181, 0.23012770918530626], [-0.7777988336765035, 0.29027414732244095, 0.5574673925241732]], "fy": 1739.88384936641, "fx": 1751.888852056133}, {"id": 27, "img_name": "0028", "width": 1067, "height": 1898, "position": [-3.6392672780780666, 1.339364899928992, -1.5641962180718751], "rotation": [[0.5342550404819172, -0.42392556665572734, 0.7313403213656999], [0.4468358887371753, 0.8760361506131843, 0.18137902677898832], [-0.7175717666241637, 0.22988644317239482, 0.6574518864444923]], "fy": 1739.88384936641, "fx": 1751.888852056133}, {"id": 28, "img_name": "0029", "width": 1067, "height": 1898, "position": [-3.3944082708015455, 1.4712103183255982, -1.8448103493805368], "rotation": [[0.6012374325108631, -0.39938940613423246, 0.6920994524022471], [0.40392818923536455, 0.8992284341676771, 0.16801857375119927], [-0.6894603452619918, 0.1785394226833191, 0.7019744346193258]], "fy": 1739.88384936641, "fx": 1751.888852056133}, {"id": 29, "img_name": "0030", "width": 1067, "height": 1898, "position": [-3.1072152045738433, 1.6392397934546612, -2.269958790418035], "rotation": [[0.7174223552400869, -0.3536605446745679, 0.6001911223454198], [0.35183086808836095, 0.9275445192442128, 0.1260008138077379], [-0.6012655024712104, 0.12076996298960174, 0.7898698700276732]], "fy": 1739.88384936641, "fx": 1751.888852056133}, {"id": 30, "img_name": "0031", "width": 1067, "height": 1898, "position": [-2.745649497234651, 1.8705679983378525, -2.7048278386157487], "rotation": [[0.8240604218818611, -0.29179242876388484, 0.4855734749798039], [0.2812914346022205, 0.9547713202978392, 0.09636832859474882], [-0.4917311764646551, 0.05717433386401593, 0.8688679678983984]], "fy": 1739.88384936641, "fx": 1751.888852056133}, {"id": 31, "img_name": "0032", "width": 1067, "height": 1898, "position": [-2.1991031487681423, 2.015581236684069, -2.9173615416392322], "rotation": [[0.863747594288392, -0.26964154141012414, 0.4257153186191303], [0.2545731974591821, 0.9625561583113463, 0.0931564771355739], [-0.43489375771149397, 0.027912026849992968, 0.9000490754734998]], "fy": 1739.88384936641, "fx": 1751.888852056133}, {"id": 32, "img_name": "0033", "width": 1067, "height": 1898, "position": [-1.6208656680651803, 2.0287055282870625, -3.1112553149646986], "rotation": [[0.9323706931435746, -0.20885704592057688, 0.29506545873127965], [0.19419467159411763, 0.9778170684113838, 0.07849974680099196], [-0.30491526706844846, -0.015890723479347422, 0.9522469032850039]], "fy": 1739.88384936641, "fx": 1751.888852056133}, {"id": 33, "img_name": "0034", "width": 1067, "height": 1898, "position": [-1.1175874008728786, 2.06463929518565, -3.2721809288340737], "rotation": [[0.9576753692104393, -0.1765308283551453, 0.22736480345008359], [0.16148571662696543, 0.9833525596414456, 0.08330730323382567], [-0.23828606869291438, -0.04306518416149412, 0.9702397329423345]], "fy": 1739.88384936641, "fx": 1751.888852056133}, {"id": 34, "img_name": "0035", "width": 1067, "height": 1898, "position": [-0.6117365611138, 2.087938534397556, -3.4723099777137536], "rotation": [[0.9896195365817038, -0.11082795308096703, 0.09148954930316876], [0.10426182852302915, 0.9918164784931266, 0.0736854402343364], [-0.09890724912183353, -0.0633816835164266, 0.9930760888601513]], "fy": 1739.88384936641, "fx": 1751.888852056133}, {"id": 35, "img_name": "0036", "width": 1067, "height": 1898, "position": [-0.001945462365753826, 2.2090853226080664, -3.820194575611857], "rotation": [[0.9985304700492097, 0.0028587703167701683, -0.05411772182548167], [0.001254949378879243, 0.9971201173255062, 0.07582807347430823], [0.05417864418163962, -0.07578455685061827, 0.9956512318365276]], "fy": 1739.88384936641, "fx": 1751.888852056133}, {"id": 36, "img_name": "0037", "width": 1067, "height": 1898, "position": [0.6238157398424826, 2.2246917554813512, -3.8422123450988055], "rotation": [[0.99598736992754, 0.03266529145069959, -0.08331949159267865], [-0.025372610766714147, 0.9958737025735669, 0.08713093104802376], [0.08582184784600258, -0.08466727382439747, 0.992706433531808]], "fy": 1739.88384936641, "fx": 1751.888852056133}, {"id": 37, "img_name": "0038", "width": 1067, "height": 1898, "position": [1.3340391646588905, 2.15497022810681, -3.706429855069786], "rotation": [[0.9768639225376348, 0.10159430953725197, -0.1881899920666203], [-0.08309834471013974, 0.9911299970337051, 0.10371110878976479], [0.1970572047676013, -0.08567336371134654, 0.9766414556015749]], "fy": 1739.88384936641, "fx": 1751.888852056133}, {"id": 38, "img_name": "0039", "width": 1067, "height": 1898, "position": [2.0169575525383387, 2.018574409075756, -3.5636314895401244], "rotation": [[0.9422161915423859, 0.15675278102394624, -0.29606961012002003], [-0.12349136069142855, 0.9840554148701876, 0.12800321987841726], [0.31141376371307267, -0.0840446673259029, 0.9465505594864634]], "fy": 1739.88384936641, "fx": 1751.888852056133}, {"id": 39, "img_name": "0040", "width": 1067, "height": 1898, "position": [2.5717694072338078, 1.8485503450381922, -3.2958801591868507], "rotation": [[0.8904082694665884, 0.21732673428005148, -0.3999277487655531], [-0.16779304787231902, 0.9734918824528133, 0.15543181104328466], [0.42310590488816524, -0.07129267399702163, 0.9032711375235684]], "fy": 1739.88384936641, "fx": 1751.888852056133}, {"id": 40, "img_name": "0041", "width": 1067, "height": 1898, "position": [3.155321618093939, 1.557972943008891, -3.1446536355711627], "rotation": [[0.7493439188399706, 0.3362499126131725, -0.5704556841378561], [-0.26371162818367017, 0.9417539850635389, 0.20869980540877703], [0.6074042051700608, -0.005952132775528748, 0.794370633682508]], "fy": 1739.88384936641, "fx": 1751.888852056133}, {"id": 41, "img_name": "0042", "width": 1067, "height": 1898, "position": [3.634897242325367, 1.38839668311389, -2.6989477831429753], "rotation": [[0.6707737989377794, 0.39201502820911616, -0.6295925097368813], [-0.3114087705052637, 0.9193058729651887, 0.24062686795973645], [0.6731174402071152, 0.034654431028633755, 0.7387232107488584]], "fy": 1739.88384936641, "fx": 1751.888852056133}, {"id": 42, "img_name": "0043", "width": 1067, "height": 1898, "position": [4.040730887605265, 1.1155054426761157, -2.2202388910054993], "rotation": [[0.5507768518873876, 0.44365803891814565, -0.7069741182874545], [-0.33220894908010873, 0.893569887886878, 0.30194381863671643], [0.7656905860568669, 0.06855946298752486, 0.6395447806516396]], "fy": 1739.88384936641, "fx": 1751.888852056133}, {"id": 43, "img_name": "0044", "width": 1067, "height": 1898, "position": [4.214087067047379, 0.8823863170706255, -1.8478689444156295], "rotation": [[0.48318602637103714, 0.4785599583969266, -0.7331518465767508], [-0.3527149643140865, 0.87283220614706, 0.33727747310095985], [0.8013260371837919, 0.09562586539000804, 0.5905355840249866]], "fy": 1739.88384936641, "fx": 1751.888852056133}, {"id": 44, "img_name": "0045", "width": 1067, "height": 1898, "position": [4.523971465041538, 0.6255623124662968, -1.4205747918490355], "rotation": [[0.31182544462553796, 0.5178543128629601, -0.7966127056062544], [-0.3605738478029957, 0.8401945128153322, 0.4050428136821447], [0.8790627920487976, 0.16093505300038852, 0.4487187497209522]], "fy": 1739.88384936641, "fx": 1751.888852056133}, {"id": 45, "img_name": "0046", "width": 1067, "height": 1898, "position": [4.729590281209199, 0.33699303538206016, -0.8029927180790182], "rotation": [[0.1794712699873385, 0.5463293758644678, -0.8181162975498489], [-0.38379845031352205, 0.8046044548024969, 0.4531119297137473], [0.9058083753123896, 0.2326711937037284, 0.35408375115841073]], "fy": 1739.88384936641, "fx": 1751.888852056133}, {"id": 46, "img_name": "0047", "width": 1067, "height": 1898, "position": [4.612336513673386, 0.04532013441528847, -0.10479282336067236], "rotation": [[0.07652372845726538, 0.5727636687872922, -0.8161408571443534], [-0.38249704391494593, 0.772778241100535, 0.5064679668823009], [0.9207823469090438, 0.2734146481059208, 0.2782162824526789]], "fy": 1739.88384936641, "fx": 1751.888852056133}, {"id": 47, "img_name": "0048", "width": 1067, "height": 1898, "position": [4.510362689705626, -0.29807129792145537, 0.4742349359194041], "rotation": [[-0.11223333680269082, 0.5969714841088345, -0.7943731649993151], [-0.35608665323280164, 0.7221696986666155, 0.5930204226814051], [0.9276885110313677, 0.3494223425722306, 0.1315220628325856]], "fy": 1739.88384936641, "fx": 1751.888852056133}, {"id": 48, "img_name": "0049", "width": 1067, "height": 1898, "position": [4.485172358259993, -0.6829389314588156, 0.9525669251205794], "rotation": [[-0.23528908659749445, 0.5927476776716979, -0.7702527094031707], [-0.34676434494916925, 0.689149332950332, 0.636260705973649], [0.9079611967480162, 0.41680137656793026, 0.043394443088811636]], "fy": 1739.88384936641, "fx": 1751.888852056133}, {"id": 49, "img_name": "0050", "width": 1067, "height": 1898, "position": [4.276592566413792, -1.058723022652352, 1.5856839643717064], "rotation": [[-0.4712468132931076, 0.5433867505570974, -0.6947354030709022], [-0.30879155463891805, 0.6361845882228578, 0.707048050341271], [0.8261804988891777, 0.5477225657453884, -0.13200672039149347]], "fy": 1739.88384936641, "fx": 1751.888852056133}, {"id": 50, "img_name": "0051", "width": 1067, "height": 1898, "position": [3.920636326329859, -1.345568680655142, 2.243940209571781], "rotation": [[-0.5516161134101623, 0.5208207949127538, -0.6515100636311878], [-0.2909253668274448, 0.6119072276538504, 0.73548077859404], [0.7817174005755428, 0.5952438528295997, -0.18601790587465014]], "fy": 1739.88384936641, "fx": 1751.888852056133}, {"id": 51, "img_name": "0052", "width": 1067, "height": 1898, "position": [3.3988626649207165, -1.7402871691485537, 2.8770829442934223], "rotation": [[-0.6668281469399245, 0.4758394784315969, -0.5735128710104168], [-0.24718786059525577, 0.5847911463526663, 0.7726043468178747], [0.7030208987099927, 0.6569597445152024, -0.27233345380895374]], "fy": 1739.88384936641, "fx": 1751.888852056133}, {"id": 52, "img_name": "0053", "width": 1067, "height": 1898, "position": [2.9376537301480337, -1.9501648755856515, 3.2852700766732132], "rotation": [[-0.7494425607700207, 0.44828716667388296, -0.48721090330777284], [-0.1798400057920215, 0.5703825607777907, 0.8014495035105427], [0.6371761298284795, 0.6882603799116089, -0.3468490003167496]], "fy": 1739.88384936641, "fx": 1751.888852056133}, {"id": 53, "img_name": "0054", "width": 1067, "height": 1898, "position": [2.323441181904965, -2.1441294467128404, 3.6974499239885246], "rotation": [[-0.8724193996671185, 0.35514520110276404, -0.3357920148218844], [-0.09489547672141119, 0.5508770023881824, 0.829173912238938], [0.47945723436223125, 0.755252550060897, -0.4468941105499516]], "fy": 1739.88384936641, "fx": 1751.888852056133}, {"id": 54, "img_name": "0055", "width": 1067, "height": 1898, "position": [1.665669986403179, -2.179678654571688, 3.8895913107182833], "rotation": [[-0.9181431601960087, 0.29178712144692454, -0.268092172849196], [-0.0740409528883433, 0.5383274051149236, 0.8394769456022119], [0.38926992521985504, 0.790609815686569, -0.47265742843985586]], "fy": 1739.88384936641, "fx": 1751.888852056133}, {"id": 55, "img_name": "0056", "width": 1067, "height": 1898, "position": [0.8267750368256441, -2.1896075916110336, 4.051999570926085], "rotation": [[-0.9740436753877105, 0.2105970392502296, -0.08299280388224982], [0.034179722502824625, 0.4992723497571206, 0.8657706782616474], [0.22376475371878876, 0.8404617824904597, -0.49351122293837363]], "fy": 1739.88384936641, "fx": 1751.888852056133}, {"id": 56, "img_name": "0057", "width": 1067, "height": 1898, "position": [0.20359810121175262, -2.2058914991048226, 4.0701506803915715], "rotation": [[-0.9876926250529753, 0.1497816152433421, 0.04504160466788974], [0.11397030769602857, 0.4919962458469775, 0.8631051286118933], [0.10711697988477645, 0.8576159757184889, -0.5030117203533021]], "fy": 1739.88384936641, "fx": 1751.888852056133}, {"id": 57, "img_name": "0058", "width": 1067, "height": 1898, "position": [-0.4676006224355408, -2.2304299021469514, 3.996986040430035], "rotation": [[-0.9725593149122713, 0.02284852434196837, 0.23153039522440158], [0.2103548981294761, 0.5115094296109579, 0.8331319944954761], [-0.09939414374253078, 0.858973834499321, -0.5022795594439633]], "fy": 1739.88384936641, "fx": 1751.888852056133}, {"id": 58, "img_name": "0059", "width": 1067, "height": 1898, "position": [-1.0730306586769394, -2.080840659222075, 3.910747048403146], "rotation": [[-0.9479144217771895, -0.05377755535021303, 0.3139525816542545], [0.2410181142340861, 0.5233157867086213, 0.817343780787853], [-0.20825109266907002, 0.8504402165479308, -0.4830972163861504]], "fy": 1739.88384936641, "fx": 1751.888852056133}, {"id": 59, "img_name": "0060", "width": 1067, "height": 1898, "position": [-1.7274044962682635, -1.8137663012732939, 3.5484807667863194], "rotation": [[-0.9008579277221371, -0.1347115456969271, 0.41268364822963544], [0.2902908911743033, 0.5198961542986539, 0.8033922997183249], [-0.3227788601525905, 0.8435406262898162, -0.4292470375403649]], "fy": 1739.88384936641, "fx": 1751.888852056133}, {"id": 60, "img_name": "0061", "width": 1067, "height": 1898, "position": [-2.148098786874324, -1.655679246583649, 3.3043405173366858], "rotation": [[-0.8451226212938978, -0.18137794867005466, 0.5028616059251046], [0.3507534371888129, 0.5217302823362706, 0.7776692991198437], [-0.40341018985341176, 0.8336063532804671, -0.3773071248901569]], "fy": 1739.88384936641, "fx": 1751.888852056133}, {"id": 61, "img_name": "0062", "width": 1067, "height": 1898, "position": [-2.578121749136841, -1.4244489585221867, 2.8496722385026323], "rotation": [[-0.7329028428550245, -0.23997800550365553, 0.636603471408624], [0.4433903682293657, 0.541219130295365, 0.7144836137825391], [-0.5160023297393636, 0.8059109193185164, -0.29025710297378243]], "fy": 1739.88384936641, "fx": 1751.888852056133}, {"id": 62, "img_name": "0063", "width": 1067, "height": 1898, "position": [-3.166608065755451, -1.3971365010396941, 2.4239520139792643], "rotation": [[-0.6281725529679988, -0.28994863392950476, 0.7220311858777848], [0.5056556742413596, 0.5531628565448972, 0.6620598109284427], [-0.5913641710529832, 0.7809869677667506, -0.20086755181789384]], "fy": 1739.88384936641, "fx": 1751.888852056133}, {"id": 63, "img_name": "0064", "width": 1067, "height": 1898, "position": [-3.530891867396288, -1.27730545500372, 2.1727988411031234], "rotation": [[-0.5726703021139381, -0.3274871160011406, 0.7515323771668029], [0.5258966075164148, 0.55649355145758, 0.6432322173125781], [-0.6288731853716268, 0.7635883158085809, -0.1464629669273362]], "fy": 1739.88384936641, "fx": 1751.888852056133}, {"id": 64, "img_name": "0065", "width": 1067, "height": 1898, "position": [-3.798029077350132, -0.8686461027052395, 1.7688166406563801], "rotation": [[-0.5040196275020645, -0.37292223662467255, 0.7790335169448951], [0.5330352416181271, 0.5754045388260302, 0.6203088326724908], [-0.6795863788259628, 0.7279001457131709, -0.09123448681808831]], "fy": 1739.88384936641, "fx": 1751.888852056133}, {"id": 65, "img_name": "0066", "width": 1067, "height": 1898, "position": [-4.091280076146844, -0.5518577185725699, 1.166750276017953], "rotation": [[-0.32765519387921044, -0.4387908869478276, 0.8367225534521674], [0.5748317073251485, 0.6102509610046659, 0.5451259238437816], [-0.7498070299601298, 0.6595879942239854, 0.05227901775997778]], "fy": 1739.88384936641, "fx": 1751.888852056133}, {"id": 66, "img_name": "0067", "width": 1067, "height": 1898, "position": [-4.29603024892594, -0.3170139245425964, 0.6688418790141936], "rotation": [[-0.18842849596673109, -0.47694909270144525, 0.8584953493636314], [0.5892999755940489, 0.6443809156982939, 0.4873384596445077], [-0.7856336555116312, 0.5977397414051507, 0.15964636191387116]], "fy": 1739.88384936641, "fx": 1751.888852056133}, {"id": 67, "img_name": "0068", "width": 1067, "height": 1898, "position": [-4.572817954300125, -0.03094654921181169, 0.0708212546954291], "rotation": [[-0.001510817419020521, -0.5020583333681549, 0.8648324388725925], [0.5891430209733836, 0.69836299263286, 0.4064475751671197], [-0.8080273623269707, 0.5101240637496596, 0.2947290642513079]], "fy": 1739.88384936641, "fx": 1751.888852056133}, {"id": 68, "img_name": "0069", "width": 1067, "height": 1898, "position": [-4.536212505185429, 0.27404391429034597, -0.5091967100734442], "rotation": [[0.12137099644434338, -0.5022244601969919, 0.8561773605988117], [0.5703149969384658, 0.7412501062239188, 0.35396198141905977], [-0.8124099245388283, 0.4453300704004496, 0.37639240548654235]], "fy": 1739.88384936641, "fx": 1751.888852056133}, {"id": 69, "img_name": "0070", "width": 1067, "height": 1898, "position": [-4.313097100316277, 0.6176471675962731, -1.175351646274088], "rotation": [[0.2846567534219226, -0.4935649012311246, 0.8218054642091405], [0.5379895507270368, 0.7917927730721512, 0.28919102306128724], [-0.7934341661661737, 0.3598025747315092, 0.49092191963362686]], "fy": 1739.88384936641, "fx": 1751.888852056133}, {"id": 70, "img_name": "0071", "width": 1067, "height": 1898, "position": [-4.205280884061206, 0.8779812446164864, -1.8620058256056948], "rotation": [[0.40256037675922196, -0.48560263749147276, 0.7759737247644396], [0.5196983091731846, 0.8190736918143572, 0.24296492508206333], [-0.7535640719315155, 0.30546418094258593, 0.5820934836047118]], "fy": 1739.88384936641, "fx": 1751.888852056133}, {"id": 71, "img_name": "0072", "width": 1067, "height": 1898, "position": [-3.868501334544926, 1.1569502196290753, -2.543906324593578], "rotation": [[0.5810597244760737, -0.4340462418600062, 0.6884573018851602], [0.45759693381392413, 0.8737782738648543, 0.16467110944501137], [-0.6730339090683948, 0.2193522009211688, 0.706335592473687]], "fy": 1739.88384936641, "fx": 1751.888852056133}, {"id": 72, "img_name": "0073", "width": 1067, "height": 1898, "position": [-3.4068414369575697, 1.5845845247459491, -3.065469157043929], "rotation": [[0.6886153818203229, -0.3884031092273951, 0.6123331451611478], [0.39721792580045956, 0.908530225576047, 0.12957912114811584], [-0.6066521040458294, 0.15399952583443122, 0.7799085656021085]], "fy": 1739.88384936641, "fx": 1751.888852056133}, {"id": 73, "img_name": "0074", "width": 1067, "height": 1898, "position": [-2.6607210851172924, 1.8792414211007558, -3.4543486982947744], "rotation": [[0.7735375674418886, -0.35944185807356044, 0.5219589853817176], [0.3657206584873961, 0.9258066401752189, 0.0955534665149222], [-0.5175790101150075, 0.11697698778862206, 0.8476015293852822]], "fy": 1739.88384936641, "fx": 1751.888852056133}, {"id": 74, "img_name": "0075", "width": 1067, "height": 1898, "position": [-1.8894997227338572, 2.0946787111686684, -3.857917982652363], "rotation": [[0.8739688508551032, -0.29126593101501524, 0.3890277691437549], [0.2826298412560673, 0.9558291869414965, 0.08069038494348457], [-0.39534645637286353, 0.039429973633188294, 0.9176853799711019]], "fy": 1739.88384936641, "fx": 1751.888852056133}, {"id": 75, "img_name": "0076", "width": 1067, "height": 1898, "position": [-1.2592579932667602, 2.1603682381121305, -4.152388597546686], "rotation": [[0.9328167442270684, -0.23233350432014585, 0.2754524722341996], [0.2193948774107008, 0.9725656387110254, 0.07734317141518675], [-0.2858650196431095, -0.01171414396941385, 0.9581982933482551]], "fy": 1739.88384936641, "fx": 1751.888852056133}, {"id": 76, "img_name": "0077", "width": 1067, "height": 1898, "position": [-0.47976253690653897, 2.2846700226903827, -4.447225989591273], "rotation": [[0.9900275373114359, -0.10566027261761629, 0.09317393495728649], [0.09935014562587745, 0.9925904605909157, 0.069955172132094], [-0.09987504157281034, -0.06000070278159216, 0.9931892527290781]], "fy": 1739.88384936641, "fx": 1751.888852056133}, {"id": 77, "img_name": "0078", "width": 1067, "height": 1898, "position": [0.38089834789770965, 2.310208372936677, -4.386510893630983], "rotation": [[0.9987404278956421, -0.042870238903058314, -0.026071062564160193], [0.04471704291802234, 0.9961840315688573, 0.07495172659709652], [0.022758377787034774, -0.07602314031670135, 0.9968462962648204]], "fy": 1739.88384936641, "fx": 1751.888852056133}, {"id": 78, "img_name": "0079", "width": 1067, "height": 1898, "position": [1.345190447882653, 2.1803466312423256, -4.196640751523765], "rotation": [[0.9775140133807725, 0.07007784035791273, -0.19888551967145762], [-0.04743252438765286, 0.9920658444817546, 0.11642815743160154], [0.20546656485771497, -0.1043765131793258, 0.9730822340491561]], "fy": 1739.88384936641, "fx": 1751.888852056133}, {"id": 79, "img_name": "0080", "width": 1067, "height": 1898, "position": [2.1342318284527466, 2.037798652736788, -4.016013737048852], "rotation": [[0.9519242824952324, 0.12440096334412465, -0.2799367084092232], [-0.0858261171511212, 0.985538105263302, 0.14611132977556152], [0.2940646833788421, -0.11506104203019643, 0.9488345053781648]], "fy": 1739.88384936641, "fx": 1751.888852056133}, {"id": 80, "img_name": "0081", "width": 1067, "height": 1898, "position": [3.089769030688942, 1.8304075786027294, -3.9279192001149084], "rotation": [[0.8707559901545304, 0.22891333522655255, -0.43518121577735797], [-0.16426223832361744, 0.9696020316218253, 0.18135549987729643], [0.4634672832799728, -0.0864325472856431, 0.8818885939271447]], "fy": 1739.88384936641, "fx": 1751.888852056133}, {"id": 81, "img_name": "0082", "width": 1067, "height": 1898, "position": [3.1455792012293586, 1.474033380327872, -3.174081361861039], "rotation": [[0.8256818922203145, 0.2795579793095244, -0.489996682706992], [-0.2109176284688306, 0.958566421904382, 0.19147889909468963], [0.523223820998782, -0.054751721450613196, 0.8504346430723697]], "fy": 1739.88384936641, "fx": 1751.888852056133}, {"id": 82, "img_name": "0083", "width": 1067, "height": 1898, "position": [2.90398750065864, 1.3531866994540094, -2.0255940039648315], "rotation": [[0.6847328797097654, 0.38249562421962374, -0.6203531098472967], [-0.3186059917796607, 0.9226618926800351, 0.21722166972517784], [0.6554625126172133, 0.04890939837021023, 0.7536423324791363]], "fy": 1739.88384936641, "fx": 1751.888852056133}, {"id": 83, "img_name": "0084", "width": 1067, "height": 1898, "position": [2.915302782787992, 1.2045717199372312, -1.4624064652531843], "rotation": [[0.527114096048788, 0.426919539274401, -0.7347723706920408], [-0.35579227864824536, 0.8960864894863898, 0.2654069664011237], [0.7717270140412077, 0.12152658287671514, 0.6242344955650485]], "fy": 1739.88384936641, "fx": 1751.888852056133}, {"id": 84, "img_name": "0085", "width": 1067, "height": 1898, "position": [3.148288703843197, 0.898934373799507, -0.8908297855484998], "rotation": [[0.27498743476152715, 0.46496192526928015, -0.8415416322281144], [-0.36742729715552025, 0.8596699352897671, 0.35491517812552925], [0.888470085049724, 0.21160815298275118, 0.4072381337288598]], "fy": 1739.88384936641, "fx": 1751.888852056133}, {"id": 85, "img_name": "0086", "width": 1067, "height": 1898, "position": [3.269853663819967, 0.565425023344966, -0.39073389942577325], "rotation": [[0.1690245727648964, 0.4875339797950396, -0.8565870138794154], [-0.41012470646210714, 0.8250670899932174, 0.38866698105125197], [0.8962301149543092, 0.2856132272065383, 0.3394063427422234]], "fy": 1739.88384936641, "fx": 1751.888852056133}, {"id": 86, "img_name": "0087", "width": 1067, "height": 1898, "position": [3.2576075680201733, 0.2905318274558755, 0.24475669352307647], "rotation": [[0.019028269980962447, 0.5173704887182079, -0.8555499414674833], [-0.3917104394815456, 0.7911560604766068, 0.46971802134079316], [0.9198917634932415, 0.3261899222456426, 0.2177137526264147]], "fy": 1739.88384936641, "fx": 1751.888852056133}, {"id": 87, "img_name": "0088", "width": 1067, "height": 1898, "position": [3.237067429615724, 0.041770433484715146, 0.6542576640902723], "rotation": [[-0.11455068961497197, 0.5322054349369396, -0.8388298483794654], [-0.39268891451440485, 0.7513593402502616, 0.5303343834187917], [0.9125094826500337, 0.3901493519695688, 0.12292244396973578]], "fy": 1739.88384936641, "fx": 1751.888852056133}, {"id": 88, "img_name": "0089", "width": 1067, "height": 1898, "position": [3.1261915283996835, -0.29477550698931176, 1.092806917207615], "rotation": [[-0.30353176937976756, 0.5229733166173666, -0.7964718294349267], [-0.3411136796059292, 0.7208619096525268, 0.6033237644895282], [0.8896684340600665, 0.4548153661853826, -0.04041113854824295]], "fy": 1739.88384936641, "fx": 1751.888852056133}, {"id": 89, "img_name": "0090", "width": 1067, "height": 1898, "position": [2.970592094823168, -0.5978418944741626, 1.6086724710667664], "rotation": [[-0.48056151656442586, 0.4884459264201853, -0.7283414074188185], [-0.30271550897348243, 0.6870863882365941, 0.6605116317877511], [0.8230576829264299, 0.5378967113336156, -0.18232711951944083]], "fy": 1739.88384936641, "fx": 1751.888852056133}, {"id": 90, "img_name": "0091", "width": 1067, "height": 1898, "position": [2.481961103375847, -0.8143307715937214, 2.1299666811252025], "rotation": [[-0.6522665660410606, 0.44011723371208944, -0.6171265246403046], [-0.23221238151917717, 0.6589904445080691, 0.7154082777800724], [0.7215439949817298, 0.6099413206503356, -0.3276367633052339]], "fy": 1739.88384936641, "fx": 1751.888852056133}, {"id": 91, "img_name": "0092", "width": 1067, "height": 1898, "position": [2.1599532032567588, -1.0455156007025599, 2.399281857697648], "rotation": [[-0.7548785575038828, 0.387369233433695, -0.5292479951873673], [-0.2017484799003838, 0.6306747229067937, 0.7493643604711417], [0.6240640305920063, 0.6724540659966529, -0.39793167107661653]], "fy": 1739.88384936641, "fx": 1751.888852056133}, {"id": 92, "img_name": "0093", "width": 1067, "height": 1898, "position": [1.5737530297756217, -1.2990669045220884, 2.6851767237461885], "rotation": [[-0.8669347681020695, 0.32556181882998786, -0.377403775783869], [-0.11445745903963099, 0.6069242593531377, 0.7864746871189412], [0.4851016366968905, 0.7250189277037913, -0.4889007634942318]], "fy": 1739.88384936641, "fx": 1751.888852056133}, {"id": 93, "img_name": "0094", "width": 1067, "height": 1898, "position": [1.0698577600775787, -1.4303826337287306, 3.0437140249192263], "rotation": [[-0.9307057800589624, 0.25968261849466057, -0.257588215212953], [-0.06539340798975168, 0.5747572576155363, 0.8157069308334667], [0.359875607892955, 0.7760277266116365, -0.5179483703745491]], "fy": 1739.88384936641, "fx": 1751.888852056133}, {"id": 94, "img_name": "0095", "width": 1067, "height": 1898, "position": [0.6050280489707762, -1.3061849741988956, 3.2082899928105437], "rotation": [[-0.9802254149600346, 0.18707868513510056, -0.06449574741445821], [0.0502227808025016, 0.5504504857303016, 0.8333558273917204], [0.19140482792994423, 0.8136374059293222, -0.5489611675862978]], "fy": 1739.88384936641, "fx": 1751.888852056133}, {"id": 95, "img_name": "0096", "width": 1067, "height": 1898, "position": [0.20289568597836632, -1.192510800218986, 3.1640296451705527], "rotation": [[-0.9881372418562127, 0.08611522655028514, 0.12715722163129026], [0.15356420247467903, 0.5449928754702262, 0.824257727537334], [0.001681361089059017, 0.8340065547961163, -0.5517519728845567]], "fy": 1739.88384936641, "fx": 1751.888852056133}, {"id": 96, "img_name": "0097", "width": 1067, "height": 1898, "position": [-0.3404493556756693, -1.0828490530391965, 2.975735798948825], "rotation": [[-0.9696792974739215, 0.034443373995608415, 0.24194155087185984], [0.22336671659914908, 0.5265572791626439, 0.8202711391220278], [-0.09914317912089317, 0.8494416317491343, -0.5182851958962077]], "fy": 1739.88384936641, "fx": 1751.888852056133}, {"id": 97, "img_name": "0098", "width": 1067, "height": 1898, "position": [-1.128991550574302, -0.9401385159902657, 2.7936976499159183], "rotation": [[-0.9076976225392924, -0.05149604001190306, 0.4164530992796291], [0.3258877546125538, 0.5387026157680076, 0.776914836490007], [-0.26435241143236055, 0.8409207154231597, -0.47219715473740137]], "fy": 1739.88384936641, "fx": 1751.888852056133}, {"id": 98, "img_name": "0099", "width": 1067, "height": 1898, "position": [-1.722711533776833, -1.0035932736422548, 2.72711583846045], "rotation": [[-0.8590333591595136, -0.09170284890830714, 0.5036390327935492], [0.37929027460043035, 0.5467177119598636, 0.7464841800218553], [-0.3438031056355537, 0.8322801997713701, -0.4348667538728116]], "fy": 1739.88384936641, "fx": 1751.888852056133}, {"id": 99, "img_name": "0100", "width": 1067, "height": 1898, "position": [-1.9422845616988915, -0.7516777721568437, 2.5000124662727163], "rotation": [[-0.7665847390684545, -0.16841569971402826, 0.6196644171785106], [0.43890165985532026, 0.5669836608605844, 0.6970615907460216], [-0.46873571530617714, 0.8063285189096092, -0.36072309156670584]], "fy": 1739.88384936641, "fx": 1751.888852056133}, {"id": 100, "img_name": "0101", "width": 1067, "height": 1898, "position": [-2.3926979275449263, -0.49911152624704713, 2.22040175288665], "rotation": [[-0.6370814440984512, -0.2635436172810082, 0.7243424572506247], [0.5094518580345421, 0.5612401653087427, 0.652279296919171], [-0.5784341258350726, 0.7845726471364246, -0.22329290950399341]], "fy": 1739.88384936641, "fx": 1751.888852056133}, {"id": 101, "img_name": "0102", "width": 1067, "height": 1898, "position": [-2.5149381555613557, -0.35715037588843784, 1.8312471128342462], "rotation": [[-0.5412181689691863, -0.3259359994296608, 0.7751442561571549], [0.5329444542648849, 0.5800744605342869, 0.6160225879820963], [-0.6504253241118034, 0.7465114496855652, -0.14024105405483483]], "fy": 1739.88384936641, "fx": 1751.888852056133}, {"id": 102, "img_name": "