[
    {
        "id": 0,
        "img_name": "r_0",
        "width": 800,
        "height": 800,
        "position": [
            1.1453163623809814,
            2.777057409286499,
            2.688159704208374
        ],
        "rotation": [
            [
                -0.9244644045829773,
                0.25424894690513605,
                -0.2841180264949799
            ],
            [
                0.38126838207244884,
                0.6164793968200685,
                -0.6889031529426576
            ],
            [
                1.4901161128161666e-08,
                -0.7451916933059692,
                -0.6668503284454345
            ]
        ],
        "fy": 1111.1110311937682,
        "fx": 1111.1110311937682
    },
    {
        "id": 1,
        "img_name": "r_1",
        "width": 800,
        "height": 800,
        "position": [
            -3.7736961841583248,
            0.5999579429626465,
            1.2842377424240112
        ],
        "rotation": [
            [
                -0.15701222419738767,
                -0.3146287798881531,
                0.936138927936554
            ],
            [
                -0.9875966310501098,
                0.0500209927558899,
                -0.14883126318454745
            ],
            [
                3.814091568132411e-18,
                -0.9478959441184999,
                -0.3185802102088929
            ]
        ],
        "fy": 1111.1110311937682,
        "fx": 1111.1110311937682
    },
    {
        "id": 2,
        "img_name": "r_2",
        "width": 800,
        "height": 800,
        "position": [
            3.2884840965270996,
            -0.9754266142845154,
            2.1176435947418213
        ],
        "rotation": [
            [
                0.28437271714210505,
                0.5036342144012452,
                -0.8157724738121033
            ],
            [
                0.9587140083312988,
                -0.14938744902610784,
                0.24197356402873998
            ],
            [
                -2.143579818918129e-18,
                -0.8509030342102051,
                -0.5253227353096008
            ]
        ],
        "fy": 1111.1110311937682,
        "fx": 1111.1110311937682
    },
    {
        "id": 3,
        "img_name": "r_3",
        "width": 800,
        "height": 800,
        "position": [
            -1.1693913936614992,
            -3.336657762527466,
            1.9362950325012214
        ],
        "rotation": [
            [
                0.9437206387519838,
                -0.1588680148124695,
                0.2900902926921845
            ],
            [
                -0.33074375987052923,
                -0.4533026516437531,
                0.8277229070663451
            ],
            [
                -1.1899875032925522e-17,
                -0.8770846724510194,
                -0.48033568263053905
            ]
        ],
        "fy": 1111.1110311937682,
        "fx": 1111.1110311937682
    },
    {
        "id": 4,
        "img_name": "r_4",
        "width": 800,
        "height": 800,
        "position": [
            -1.4659999608993528,
            1.5306965112686155,
            3.4289667606353773
        ],
        "rotation": [
            [
                -0.7222044467926025,
                -0.5883578658103942,
                0.36366981267929077
            ],
            [
                -0.6916795969009398,
                0.6143229603767393,
                -0.37971907854080195
            ],
            [
                1.7852544433370035e-17,
                -0.5257777571678162,
                -0.8506219387054444
            ]
        ],
        "fy": 1111.1110311937682,
        "fx": 1111.1110311937682
    },
    {
        "id": 5,
        "img_name": "r_5",
        "width": 800,
        "height": 800,
        "position": [
            -0.9349640011787415,
            3.456689357757569,
            1.8512542247772221
        ],
        "rotation": [
            [
                -0.9653125405311586,
                -0.11990625411272049,
                0.23193602263927457
            ],
            [
                -0.26109737157821655,
                0.44330972433090216,
                -0.8574990630149841
            ],
            [
                7.450581471494776e-09,
                -0.8883123993873597,
                -0.45923963189125067
            ]
        ],
        "fy": 1111.1110311937682,
        "fx": 1111.1110311937682
    },
    {
        "id": 6,
        "img_name": "r_6",
        "width": 800,
        "height": 800,
        "position": [
            3.451270818710327,
            1.9281191825866701,
            0.788090467453003
        ],
        "rotation": [
            [
                -0.4877187907695771,
                0.1706726849079132,
                -0.8561549186706543
            ],
            [
                0.8730008602142336,
                0.09534958750009535,
                -0.47830748558044434
            ],
            [
                -7.450580604680926e-09,
                -0.9807034730911255,
                -0.1955011785030365
            ]
        ],
        "fy": 1111.1110311937682,
        "fx": 1111.1110311937682
    },
    {
        "id": 7,
        "img_name": "r_7",
        "width": 800,
        "height": 800,
        "position": [
            0.8642762303352357,
            -2.9129307270050044,
            2.6491246223449703
        ],
        "rotation": [
            [
                0.9586917757987977,
                0.1869292110204697,
                -0.2144005447626114
            ],
            [
                0.28444704413414007,
                -0.630020558834076,
                0.7226091623306273
            ],
            [
                1.4901161191308615e-08,
                -0.7537450194358826,
                -0.6571669578552245
            ]
        ],
        "fy": 1111.1110311937682,
        "fx": 1111.1110311937682
    },
    {
        "id": 8,
        "img_name": "r_8",
        "width": 800,
        "height": 800,
        "position": [
            -1.9491555690765383,
            3.107522487640382,
            1.6715552806854246
        ],
        "rotation": [
            [
                -0.8471452593803406,
                -0.22033534944057467,
                0.48352599143981934
            ],
            [
                -0.5313615798950195,
                0.3512787818908692,
                -0.7708814144134523
            ],
            [
                -8.441612381573479e-18,
                -0.9099755883216858,
                -0.41466182470321655
            ]
        ],
        "fy": 1111.1110311937682,
        "fx": 1111.1110311937682
    },
    {
        "id": 9,
        "img_name": "r_9",
        "width": 800,
        "height": 800,
        "position": [
            0.41254824399948115,
            3.441216945648194,
            2.0585992336273193
        ],
        "rotation": [
            [
                -0.9928904771804811,
                0.06078677996993065,
                -0.10234062373638153
            ],
            [
                0.11903209984302525,
                0.5070448517799379,
                -0.853660821914673
            ],
            [
                -7.450581478453938e-09,
                -0.8597734570503234,
                -0.5106756091117859
            ]
        ],
        "fy": 1111.1110311937682,
        "fx": 1111.1110311937682
    },
    {
        "id": 10,
        "img_name": "r_10",
        "width": 800,
        "height": 800,
        "position": [
            -1.8661562204360962,
            -2.920888185501098,
            2.058123588562012
        ],
        "rotation": [
            [
                0.8426918983459473,
                -0.2748822569847107,
                0.4629363715648651
            ],
            [
                -0.5383960604667664,
                -0.43024280667304987,
                0.7245831489562986
            ],
            [
                1.2580989951502394e-17,
                -0.8598434925079346,
                -0.5105575919151307
            ]
        ],
        "fy": 1111.1110311937682,
        "fx": 1111.1110311937682
    },
    {
        "id": 11,
        "img_name": "r_11",
        "width": 800,
        "height": 800,
        "position": [
            0.4371278882026672,
            2.7918844223022465,
            2.874769687652588
        ],
        "rotation": [
            [
                -0.9879636168479919,
                0.11031342297792435,
                -0.10843808203935622
            ],
            [
                0.1546863615512848,
                0.7045588493347168,
                -0.692581295967102
            ],
            [
                -5.797593129664651e-18,
                -0.7010189890861511,
                -0.7131425738334655
            ]
        ],
        "fy": 1111.1110311937682,
        "fx": 1111.1110311937682
    },
    {
        "id": 12,
        "img_name": "r_12",
        "width": 800,
        "height": 800,
        "position": [
            1.6128616333007808,
            1.2515214681625366,
            3.475970506668091
        ],
        "rotation": [
            [
                -0.6130470633506776,
                0.6812429428100585,
                -0.4001017212867735
            ],
            [
                0.7900463938713074,
                0.5286195874214172,
                -0.31046426296234136
            ],
            [
                2.98023224259294e-08,
                -0.5064281225204468,
                -0.8622821569442748
            ]
        ],
        "fy": 1111.1110311937682,
        "fx": 1111.1110311937682
    },
    {
        "id": 13,
        "img_name": "r_13",
        "width": 800,
        "height": 800,
        "position": [
            -2.113736152648926,
            -3.0671176910400386,
            1.5410736799240106
        ],
        "rotation": [
            [
                0.8234031796455384,
                -0.21693493425846097,
                0.5243533849716187
            ],
            [
                -0.5674568414688109,
                -0.3147814869880675,
                0.7608582377433775
            ],
            [
                -5.813859923289287e-17,
                -0.924040913581848,
                -0.38229331374168385
            ]
        ],
        "fy": 1111.1110311937682,
        "fx": 1111.1110311937682
    },
    {
        "id": 14,
        "img_name": "r_14",
        "width": 800,
        "height": 800,
        "position": [
            -0.1486914753913879,
            -1.1819547414779659,
            3.85108733177185
        ],
        "rotation": [
            [
                0.9921797513961793,
                -0.1192428320646286,
                0.036885816603899
            ],
            [
                -0.12481753528118136,
                -0.9478662014007568,
                0.2932068705558776
            ],
            [
                3.7252902970162902e-09,
                -0.2955178320407867,
                -0.9553371667861938
            ]
        ],
        "fy": 1111.1110311937682,
        "fx": 1111.1110311937682
    },
    {
        "id": 15,
        "img_name": "r_15",
        "width": 800,
        "height": 800,
        "position": [
            2.6115596294403076,
            -1.3792604207992551,
            2.7436101436614995
        ],
        "rotation": [
            [
                0.4670067727565765,
                0.6018282771110537,
                -0.6478481888771057
            ],
            [
                0.8842536807060241,
                -0.31784757971763605,
                0.34215238690376276
            ],
            [
                -3.1782737153711043e-17,
                -0.7326496839523317,
                -0.6806058883666992
            ]
        ],
        "fy": 1111.1110311937682,
        "fx": 1111.1110311937682
    },
    {
        "id": 16,
        "img_name": "r_16",
        "width": 800,
        "height": 800,
        "position": [
            0.5484935045242311,
            -2.342268705368042,
            3.2346456050872807
        ],
        "rotation": [
            [
                0.9736602306365967,
                0.1829541176557541,
                -0.13606448471546176
            ],
            [
                0.22800382971763614,
                -0.7812812924385071,
                0.5810453295707703
            ],
            [
                2.3772122728240977e-17,
                -0.5967638492584229,
                -0.8024168014526368
            ]
        ],
        "fy": 1111.1110311937682,
        "fx": 1111.1110311937682
    },
    {
        "id": 17,
        "img_name": "r_17",
        "width": 800,
        "height": 800,
        "position": [
            -2.6099309921264644,
            2.651938438415527,
            1.5509617328643799
        ],
        "rotation": [
            [
                -0.7127291560173035,
                -0.26987618207931513,
                0.6474441885948181
            ],
            [
                -0.7014393806457521,
                0.27421990036964405,
                -0.6578649282455443
            ],
            [
                -1.7718118269952237e-17,
                -0.9230223894119263,
                -0.38474625349044805
            ]
        ],
        "fy": 1111.1110311937682,
        "fx": 1111.1110311937682
    },
    {
        "id": 18,
        "img_name": "r_18",
        "width": 800,
        "height": 800,
        "position": [
            -0.00931616500020027,
            1.3211599588394165,
            3.808470726013183
        ],
        "rotation": [
            [
                -0.9999752044677734,
                -0.006661850027740002,
                0.0023110560141503815
            ],
            [
                -0.007051328662782908,
                0.9447417855262757,
                -0.3277394473552705
            ],
            [
                -2.3283067174280337e-10,
                -0.3277475237846374,
                -0.9447652697563174
            ]
        ],
        "fy": 1111.1110311937682,
        "fx": 1111.1110311937682
    },
    {
        "id": 19,
        "img_name": "r_19",
        "width": 800,
        "height": 800,
        "position": [
            -0.3242873549461364,
            -0.5238754749298095,
            3.983766078948974
        ],
        "rotation": [
            [
                0.8502771258354188,
                -0.5201511383056641,
                0.0804457888007164
            ],
            [
                -0.5263351798057556,
                -0.8402869701385497,
                0.12995751202106479
            ],
            [
                -3.5692465589715153e-19,
                -0.15284141898155212,
                -0.9882507324218752
            ]
        ],
        "fy": 1111.1110311937682,
        "fx": 1111.1110311937682
    },
    {
        "id": 20,
        "img_name": "r_20",
        "width": 800,
        "height": 800,
        "position": [
            3.483235597610473,
            -0.3844049572944641,
            1.9923107624053957
        ],
        "rotation": [
            [
                0.10969264805316925,
                0.4912491142749785,
                -0.8640843629837035
            ],
            [
                0.9939656257629395,
                -0.05421355739235878,
                0.09535913169384004
            ],
            [
                3.7252907481618735e-09,
                -0.86933034658432,
                -0.4942314624786378
            ]
        ],
        "fy": 1111.1110311937682,
        "fx": 1111.1110311937682
    },
    {
        "id": 21,
        "img_name": "r_21",
        "width": 800,
        "height": 800,
        "position": [
            0.47594332695007324,
            3.245749711990356,
            2.3427734375000004
        ],
        "rotation": [
            [
                -0.9894192814826965,
                0.08431875705718994,
                -0.11806700378656389
            ],
            [
                0.14508435130119324,
                0.5750213861465455,
                -0.8051713705062867
            ],
            [
                7.450580608610426e-09,
                -0.81378173828125,
                -0.5811705589294435
            ]
        ],
        "fy": 1111.1110311937682,
        "fx": 1111.1110311937682
    },
    {
        "id": 22,
        "img_name": "r_22",
        "width": 800,
        "height": 800,
        "position": [
            -1.4657891988754275,
            -3.5922214984893803,
            1.0942604541778564
        ],
        "rotation": [
            [
                0.9258859157562258,
                -0.10255570709705354,
                0.3636175394058228
            ],
            [
                -0.377803385257721,
                -0.2513341307640076,
                0.8911204934120179
            ],
            [
                7.450580597473572e-09,
                -0.9624518156051636,
                -0.2714526057243347
            ]
        ],
        "fy": 1111.1110311937682,
        "fx": 1111.1110311937682
    },
    {
        "id": 23,
        "img_name": "r_23",
        "width": 800,
        "height": 800,
        "position": [
            -1.9016103744506831,
            2.232659816741943,
            2.76570224761963
        ],
        "rotation": [
            [
                -0.7612911462783815,
                -0.4448653161525724,
                0.4717314541339874
            ],
            [
                -0.648410141468048,
                0.5223114490509032,
                -0.5538547039031982
            ],
            [
                -1.4901159477881523e-08,
                -0.7275201082229613,
                -0.6860862970352174
            ]
        ],
        "fy": 1111.1110311937682,
        "fx": 1111.1110311937682
    },
    {
        "id": 24,
        "img_name": "r_24",
        "width": 800,
        "height": 800,
        "position": [
            -3.5809237957000737,
            0.5201083421707153,
            1.7766463756561282
        ],
        "rotation": [
            [
                -0.14373598992824554,
                -0.43615517020225525,
                0.8883178234100342
            ],
            [
                -0.9896161556243898,
                0.06334900110960007,
                -0.1290230005979538
            ],
            [
                3.7252907554947535e-09,
                -0.8976388573646545,
                -0.44073170423507696
            ]
        ],
        "fy": 1111.1110311937682,
        "fx": 1111.1110311937682
    },
    {
        "id": 25,
        "img_name": "r_25",
        "width": 800,
        "height": 800,
        "position": [
            -3.8614256381988525,
            0.04852816462516785,
            1.1563036441802979
        ],
        "rotation": [
            [
                -0.012566430494189262,
                -0.2868209779262543,
                0.9579017758369446
            ],
            [
                -0.9999211430549622,
                0.003604600206017494,
                -0.012038355693221092
            ],
            [
                2.328306717087921e-10,
                -0.9579774141311646,
                -0.2868436276912689
            ]
        ],
        "fy": 1111.1110311937682,
        "fx": 1111.1110311937682
    },
    {
        "id": 26,
        "img_name": "r_26",
        "width": 800,
        "height": 800,
        "position": [
            -0.2974195778369903,
            -3.8308010101318355,
            1.2192231416702268
        ],
        "rotation": [
            [
                0.9969997406005859,
                -0.02341162040829659,
                0.07378070801496506
            ],
            [
                -0.07740606367588043,
                -0.30154454708099365,
                0.9503046870231628
            ],
            [
                -2.1062845319879892e-18,
                -0.9531645178794861,
                -0.30245199799537653
            ]
        ],
        "fy": 1111.1110311937682,
        "fx": 1111.1110311937682
    },
    {
        "id": 27,
        "img_name": "r_27",
        "width": 800,
        "height": 800,
        "position": [
            -1.785182356834412,
            -0.7269170284271241,
            3.5404398441314697
        ],
        "rotation": [
            [
                0.37712809443473816,
                -0.813424289226532,
                0.44284918904304515
            ],
            [
                -0.9261611700057983,
                -0.33122220635414124,
                0.180325910449028
            ],
            [
                1.4901161151854664e-08,
                -0.47815567255020147,
                -0.878274977207184
            ]
        ],
        "fy": 1111.1110311937682,
        "fx": 1111.1110311937682
    },
    {
        "id": 28,
        "img_name": "r_28",
        "width": 800,
        "height": 800,
        "position": [
            -1.2137141227722168,
            -2.8333852291107187,
            2.597850322723389
        ],
        "rotation": [
            [
                0.9192148447036743,
                -0.25375539064407343,
                0.30108541250228876
            ],
            [
                -0.39375662803649897,
                -0.5923855304718016,
                0.702876329421997
            ],
            [
                -1.490116294480475e-08,
                -0.7646486759185791,
                -0.6444473266601564
            ]
        ],
        "fy": 1111.1110311937682,
        "fx": 1111.1110311937682
    },
    {
        "id": 29,
        "img_name": "r_29",
        "width": 800,
        "height": 800,
        "position": [
            -1.2198070287704466,
            2.8854298591613774,
            2.5369992256164546
        ],
        "rotation": [
            [
                -0.921076238155365,
                -0.24505852162837982,
                0.3025968670845031
            ],
            [
                -0.3893822729587555,
                0.5796812176704408,
                -0.7157870531082154
            ],
            [
                9.37009777365977e-18,
                -0.7771202921867371,
                -0.629352033138275
            ]
        ],
        "fy": 1111.1110311937682,
        "fx": 1111.1110311937682
    },
    {
        "id": 30,
        "img_name": "r_30",
        "width": 800,
        "height": 800,
        "position": [
            -1.4872750043869019,
            -3.213227272033691,
            1.9269626140594487
        ],
        "rotation": [
            [
                0.90750253200531,
                -0.2007909715175629,
                0.36894750595092773
            ],
            [
                -0.42004677653312683,
                -0.43380481004714966,
                0.7971035838127136
            ],
            [
                2.6995792327037002e-17,
                -0.8783486485481263,
                -0.4780205786228181
            ]
        ],
        "fy": 1111.1110311937682,
        "fx": 1111.1110311937682
    },
    {
        "id": 31,
        "img_name": "r_31",
        "width": 800,
        "height": 800,
        "position": [
            -0.3483506739139556,
            -0.05291824042797088,
            4.015700817108153
        ],
        "rotation": [
            [
                0.15018779039382932,
                -0.9848735928535459,
                0.08641516417264937
            ],
            [
                -0.9886575341224672,
                -0.1496129631996155,
                0.013127399608492851
            ],
            [
                -9.313226891937152e-10,
                -0.08740629255771634,
                -0.9961727261543272
            ]
        ],
        "fy": 1111.1110311937682,
        "fx": 1111.1110311937682
    },
    {
        "id": 32,
        "img_name": "r_32",
        "width": 800,
        "height": 800,
        "position": [
            3.928892850875855,
            0.730537474155426,
            0.5292590260505675
        ],
        "rotation": [
            [
                -0.1828064918518067,
                0.1290805637836456,
                -0.974638283252716
            ],
            [
                0.9831489920616151,
                0.02400121279060841,
                -0.1812240183353424
            ],
            [
                1.8626453719251275e-09,
                -0.9913436174392699,
                -0.13129298388957975
            ]
        ],
        "fy": 1111.1110311937682,
        "fx": 1111.1110311937682
    },
    {
        "id": 33,
        "img_name": "r_33",
        "width": 800,
        "height": 800,
        "position": [
            -3.518567085266113,
            0.39681643247604376,
            1.92671275138855
        ],
        "rotation": [
            [
                -0.11206741631031034,
                -0.4749478101730346,
                0.8728490471839904
            ],
            [
                -0.9937006235122681,
                0.05356359481811524,
                -0.09843803942203523
            ],
            [
                -3.725290284510302e-09,
                -0.8783823847770692,
                -0.47795858979225164
            ]
        ],
        "fy": 1111.1110311937682,
        "fx": 1111.1110311937682
    },
    {
        "id": 34,
        "img_name": "r_34",
        "width": 800,
        "height": 800,
        "position": [
            -2.5430302619934086,
            -1.0853976011276245,
            2.9334125518798833
        ],
        "rotation": [
            [
                0.39255228638648987,
                -0.6692782044410706,
                0.6308481097221375
            ],
            [
                -0.9197297096252443,
                -0.28565642237663275,
                0.2692539691925049
            ],
            [
                -3.9759271519963054e-17,
                -0.6859059929847717,
                -0.7276900410652163
            ]
        ],
        "fy": 1111.1110311937682,
        "fx": 1111.1110311937682
    },
    {
        "id": 35,
        "img_name": "r_35",
        "width": 800,
        "height": 800,
        "position": [
            -3.6768569946289054,
            -1.3021701574325562,
            1.0173871517181399
        ],
        "rotation": [
            [
                0.33383575081825256,
                -0.2379038333892822,
                0.9121159315109252
            ],
            [
                -0.9426313042640686,
                -0.08425437659025191,
                0.3230286538600921
            ],
            [
                -8.242588301425754e-18,
                -0.9676275253295898,
                -0.2523826956748963
            ]
        ],
        "fy": 1111.1110311937682,
        "fx": 1111.1110311937682
    },
    {
        "id": 36,
        "img_name": "r_36",
        "width": 800,
        "height": 800,
        "position": [
            -2.753283262252809,
            -1.9138914346694946,
            2.237510204315185
        ],
        "rotation": [
            [
                0.570775866508484,
                -0.4557613134384154,
                0.6830055117607117
            ],
            [
                -0.82110595703125,
                -0.3168136179447174,
                0.47477802634239186
            ],
            [
                -1.0692164901045876e-17,
                -0.8318116068840027,
                -0.555057942867279
            ]
        ],
        "fy": 1111.1110311937682,
        "fx": 1111.1110311937682
    },
    {
        "id": 37,
        "img_name": "r_37",
        "width": 800,
        "height": 800,
        "position": [
            -0.7363833785057067,
            3.0187358856201163,
            2.5680680274963383
        ],
        "rotation": [
            [
                -0.9715125560760498,
                -0.15097570419311526,
                0.18267422914505005
            ],
            [
                -0.23698849976062775,
                0.6189110279083251,
                -0.7488561868667601
            ],
            [
                -7.450581492775913e-09,
                -0.770814836025238,
                -0.6370592713356019
            ]
        ],
        "fy": 1111.1110311937682,
        "fx": 1111.1110311937682
    },
    {
        "id": 38,
        "img_name": "r_38",
        "width": 800,
        "height": 800,
        "position": [
            -2.3551914691925053,
            -0.1888154000043869,
            3.266102075576782
        ],
        "rotation": [
            [
                0.07991347461938858,
                -0.8076289892196655,
                0.58425110578537
            ],
            [
                -0.9968018531799315,
                -0.06474751234054565,
                0.046839334070682526
            ],
            [
                3.725290306545329e-09,
                -0.5861256122589111,
                -0.810220181941986
            ]
        ],
        "fy": 1111.1110311937682,
        "fx": 1111.1110311937682
    },
    {
        "id": 39,
        "img_name": "r_39",
        "width": 800,
        "height": 800,
        "position": [
            0.6310142278671264,
            3.2550668716430673,
            2.2926752567291264
        ],
        "rotation": [
            [
                -0.9817236661911011,
                0.108239121735096,
                -0.15653535723686218
            ],
            [
                0.1903130114078522,
                0.5583481192588807,
                -0.8074827194213868
            ],
            [
                7.450581486736239e-09,
                -0.8225154280662537,
                -0.5687427520751954
            ]
        ],
        "fy": 1111.1110311937682,
        "fx": 1111.1110311937682
    },
    {
        "id": 40,
        "img_name": "r_40",
        "width": 800,
        "height": 800,
        "position": [
            -2.321882486343384,
            -3.249603748321533,
            0.5467507839202879
        ],
        "rotation": [
            [
                0.8136462569236756,
                -0.07885117828845976,
                0.575988233089447
            ],
            [
                -0.581360399723053,
                -0.11035660654306408,
                0.8061275482177734
            ],
            [
                2.009383717194263e-18,
                -0.990759253501892,
                -0.135632187128067
            ]
        ],
        "fy": 1111.1110311937682,
        "fx": 1111.1110311937682
    },
    {
        "id": 41,
        "img_name": "r_41",
        "width": 800,
        "height": 800,
        "position": [
            0.8218091726303102,
            -0.37406998872756947,
            3.928702116012573
        ],
        "rotation": [
            [
                0.4142804741859436,
                0.8870232701301576,
                -0.2038657814264298
            ],
            [
                0.9101492762565613,
                -0.403754025697708,
                0.09279534965753554
            ],
            [
                4.342248578788638e-18,
                -0.22399146854877472,
                -0.9745911359786987
            ]
        ],
        "fy": 1111.1110311937682,
        "fx": 1111.1110311937682
    },
    {
        "id": 42,
        "img_name": "r_42",
        "width": 800,
        "height": 800,
        "position": [
            2.5845153331756596,
            3.0331439971923824,
            0.6085379123687743
        ],
        "rotation": [
            [
                -0.7611533403396606,
                0.09790822118520738,
                -0.6411393284797668
            ],
            [
                0.6485720276832582,
                0.11490345001220702,
                -0.7524303793907164
            ],
            [
                -3.622835625871653e-18,
                -0.9885398745536804,
                -0.15095967054367063
            ]
        ],
        "fy": 1111.1110311937682,
        "fx": 1111.1110311937682
    },
    {
        "id": 43,
        "img_name": "r_43",
        "width": 800,
        "height": 800,
        "position": [
            -0.14684545993804932,
            -2.4942843914031982,
            3.163381338119507
        ],
        "rotation": [
            [
                0.9982714653015137,
                -0.04611987248063087,
                0.036427874118089676
            ],
            [
                -0.05877101421356202,
                -0.7833818793296813,
                0.6187558174133302
            ],
            [
                -1.8626449289672594e-09,
                -0.619827151298523,
                -0.7847383022308351
            ]
        ],
        "fy": 1111.1110311937682,
        "fx": 1111.1110311937682
    },
    {
        "id": 44,
        "img_name": "r_44",
        "width": 800,
        "height": 800,
        "position": [
            2.6864962577819824,
            0.8535536527633667,
            2.881698131561279
        ],
        "rotation": [
            [
                -0.30280399322509766,
                0.6813005805015563,
                -0.6664376854896543
            ],
            [
                0.9530528783798218,
                0.2164628356695175,
                -0.2117405980825424
            ],
            [
                4.212983975583297e-17,
                -0.6992661952972412,
                -0.7148613333702086
            ]
        ],
        "fy": 1111.1110311937682,
        "fx": 1111.1110311937682
    },
    {
        "id": 45,
        "img_name": "r_45",
        "width": 800,
        "height": 800,
        "position": [
            -0.763978600502014,
            3.4411544799804683,
            1.955708026885986
        ],
        "rotation": [
            [
                -0.9762305021286011,
                -0.10514937341213224,
                0.18951976299285891
            ],
            [
                -0.21673518419265744,
                0.4736196100711822,
                -0.8536453247070314
            ],
            [
                -7.450580599985444e-09,
                -0.8744301199913025,
                -0.4851514399051666
            ]
        ],
        "fy": 1111.1110311937682,
        "fx": 1111.1110311937682
    },
    {
        "id": 46,
        "img_name": "r_46",
        "width": 800,
        "height": 800,
        "position": [
            -0.7384291291236876,
            3.5310151576995845,
            1.7990701198577885
        ],
        "rotation": [
            [
                -0.9788251519203186,
                -0.09135571867227553,
                0.1831817179918289
            ],
            [
                -0.2046983689069748,
                0.43684414029121393,
                -0.8759370446205139
            ],
            [
                -4.199439667198195e-18,
                -0.8948861360549927,
                -0.4462943673133851
            ]
        ],
        "fy": 1111.1110311937682,
        "fx": 1111.1110311937682
    },
    {
        "id": 47,
        "img_name": "r_47",
        "width": 800,
        "height": 800,
        "position": [
            -0.21544264256954196,
            0.36199772357940685,
            4.009057521820069
        ],
        "rotation": [
            [
                -0.8593264818191528,
                -0.50862717628479,
                0.053444739431142814
            ],
            [
                -0.5114274024963378,
                0.8546214103698732,
                -0.08980058133602144
            ],
            [
                -6.160626205226497e-19,
                -0.10450092703104022,
                -0.9945247769355774
            ]
        ],
        "fy": 1111.1110311937682,
        "fx": 1111.1110311937682
    },
    {
        "id": 48,
        "img_name": "r_48",
        "width": 800,
        "height": 800,
        "position": [
            -1.7662498950958252,
            1.9538275003433228,
            3.0517075061798087
        ],
        "rotation": [
            [
                -0.7418188452720642,
                -0.5076681971549988,
                0.4381526708602905
            ],
            [
                -0.6706003546714782,
                0.5615831613540647,
                -0.484684944152832
            ],
            [
                -2.980232599096e-08,
                -0.6533737182617186,
                -0.7570354342460631
            ]
        ],
        "fy": 1111.1110311937682,
        "fx": 1111.1110311937682
    },
    {
        "id": 49,
        "img_name": "r_49",
        "width": 800,
        "height": 800,
        "position": [
            3.77910304069519,
            0.537875711917877,
            1.2957888841629028
        ],
        "rotation": [
            [
                -0.14090885221958155,
                0.3182384371757507,
                -0.9374800920486451
            ],
            [
                0.9900225996971128,
                0.04529453441500663,
                -0.133430540561676
            ],
            [
                -5.54868513730757e-18,
                -0.946928083896637,
                -0.32144564390182495
            ]
        ],
        "fy": 1111.1110311937682,
        "fx": 1111.1110311937682
    },
    {
        "id": 50,
        "img_name": "r_50",
        "width": 800,
        "height": 800,
        "position": [
            2.4351625442504887,
            -3.1607377529144296,
            0.5742123126983643
        ],
        "rotation": [
            [
                0.7921603918075562,
                0.08693575859069826,
                -0.6040894985198975
            ],
            [
                0.6103129982948303,
                -0.11283891648054122,
                0.7840825319290161
            ],
            [
                7.450580614897154e-09,
                -0.9898028373718262,
                -0.14244453608989716
            ]
        ],
        "fy": 1111.1110311937682,
        "fx": 1111.1110311937682
    },
    {
        "id": 51,
        "img_name": "r_51",
        "width": 800,
        "height": 800,
        "position": [
            1.9752315282821657,
            -3.341109752655028,
            1.0887815952301023
        ],
        "rotation": [
            [
                0.8608205318450929,
                0.13745290040969851,
                -0.48999461531639105
            ],
            [
                0.5089086890220641,
                -0.23250198364257801,
                0.8288273215293885
            ],
            [
                7.450581513199201e-09,
                -0.9628340005874633,
                -0.2700934708118438
            ]
        ],
        "fy": 1111.1110311937682,
        "fx": 1111.1110311937682
    },
    {
        "id": 52,
        "img_name": "r_52",
        "width": 800,
        "height": 800,
        "position": [
            0.17037294805049893,
            -3.1359508037567143,
            2.527209043502808
        ],
        "rotation": [
            [
                0.9985275268554688,
                0.034009933471679694,
                -0.04226432740688324
            ],
            [
                0.054248962551355376,
                -0.626000165939331,
                0.7779336571693419
            ],
            [
                -3.7252907430004046e-09,
                -0.779080867767334,
                -0.6269233822822571
            ]
        ],
        "fy": 1111.1110311937682,
        "fx": 1111.1110311937682
    },
    {
        "id": 53,
        "img_name": "r_53",
        "width": 800,
        "height": 800,
        "position": [
            3.9223089218139653,
            0.5535989999771118,
            0.7476773262023926
        ],
        "rotation": [
