[{"id": 0, "img_name": "house0001", "width": 1918, "height": 1078, "position": [-3.40008963259409, -2.3720415694213957, 2.7363683266656524], "rotation": [[-0.6561359743600531, -0.21929700533039037, 0.7220764548188134], [0.3469762525357496, 0.7620373808111975, 0.5467234313825021], [-0.6701440616217017, 0.6092682936929612, -0.42390928625548685]], "fy": 2682.3124026613873, "fx": 2681.3433480672593}, {"id": 1, "img_name": "house0002", "width": 1918, "height": 1078, "position": [-1.7339696738293517, -0.305985181565031, 1.9638491341466235], "rotation": [[-0.6127291063844442, -0.04514365825762168, 0.7890025933470936], [0.36562849376871626, 0.8689007553902582, 0.33365743184688457], [-0.7006274664425738, 0.492923449839179, -0.5158949756150976]], "fy": 2682.3124026613873, "fx": 2681.3433480672593}, {"id": 2, "img_name": "house0003", "width": 1918, "height": 1078, "position": [0.5454972887352277, -1.4484727856008546, -2.052488434073478], "rotation": [[-0.8228827495570341, 0.5610472276292824, -0.0899443653096238], [-0.5217383470726749, -0.6833559563362998, 0.510699259969675], [0.22506238618509292, 0.4671730357257329, 0.8550416814491999]], "fy": 2682.3124026613873, "fx": 2681.3433480672593}, {"id": 3, "img_name": "house0004", "width": 1918, "height": 1078, "position": [-3.167774781176218, -0.6890274888549403, 2.731230177697094], "rotation": [[-0.5685480932982747, 0.053034019240440884, 0.8209387665411474], [0.38360129574440327, 0.8998778927053935, 0.2075327061533078], [-0.7277383537440572, 0.43290549895249064, -0.5319677785980875]], "fy": 2682.3124026613873, "fx": 2681.3433480672593}, {"id": 4, "img_name": "house0006", "width": 1918, "height": 1078, "position": [-3.7494198634758935, -2.1627725868111614, 2.33080872405321], "rotation": [[-0.5578939298703441, -0.2374797866291823, 0.7952092265287052], [0.38795597158936945, 0.7724186669151115, 0.5028514364195755], [-0.733651502500998, 0.5890439320998393, -0.3387959842359233]], "fy": 2682.3124026613873, "fx": 2681.3433480672593}, {"id": 5, "img_name": "house0007", "width": 1918, "height": 1078, "position": [-1.8904594279477502, -0.20076032195559176, 1.7595148094238955], "rotation": [[-0.5096593963503699, -0.04561747544273448, 0.8591660757071407], [0.40502598896999864, 0.8683023979612058, 0.2863649663518471], [-0.7590792106036439, 0.4939331853895337, -0.4240622128889787]], "fy": 2682.3124026613873, "fx": 2681.3433480672593}, {"id": 6, "img_name": "house0011", "width": 1918, "height": 1078, "position": [-4.043338903650943, -1.9298191539219045, 1.8895871686370156], "rotation": [[-0.4503937871810061, -0.25232017434502635, 0.856434449381414], [0.42384716611452744, 0.7838321355553366, 0.453829001990226], [-0.7858110563267957, 0.5673990772721224, -0.2460879331972809]], "fy": 2682.3124026613873, "fx": 2681.3433480672593}, {"id": 7, "img_name": "house0012", "width": 1918, "height": 1078, "position": [-2.017455486104585, -0.08525210341870788, 1.5406067635009064], "rotation": [[-0.39856042689555915, -0.04615549255754512, 0.9159799433500712], [0.43826768180310754, 0.8677368203911978, 0.23442322756993228], [-0.8056494431201198, 0.49487622800468456, -0.325617096842435]], "fy": 2682.3124026613873, "fx": 2681.3433480672593}, {"id": 8, "img_name": "house0013", "width": 1918, "height": 1078, "position": [0.27595279993477717, -1.5642175338969468, -1.9994879452986525], "rotation": [[-0.936809140481774, 0.3487293484672734, -0.02786531584947337], [-0.30816928452991665, -0.7848968869447807, 0.5375579679780697], [0.16559084027239893, 0.5121764523891967, 0.8427662518373038]], "fy": 2682.3124026613873, "fx": 2681.3433480672593}, {"id": 9, "img_name": "house0014", "width": 1918, "height": 1078, "position": [-3.6181986683504626, -0.28897689821103595, 1.972833567716282], "rotation": [[-0.34777346638160483, 0.06584514051701115, 0.9352636171428982], [0.450447615014127, 0.8865977512307789, 0.1050779407897329], [-0.8222837479903196, 0.45783058546019056, -0.33799495973782145]], "fy": 2682.3124026613873, "fx": 2681.3433480672593}, {"id": 10, "img_name": "house0016", "width": 1918, "height": 1078, "position": [-4.273011840059346, -1.687134806653157, 1.4158853385420254], "rotation": [[-0.33589567736804415, -0.2659298259064579, 0.9035792281913211], [0.4533834538961942, 0.795219197460568, 0.4025790254388913], [-0.8256013188328979, 0.544892425790202, -0.1465425080236065]], "fy": 2682.3124026613873, "fx": 2681.3433480672593}, {"id": 11, "img_name": "house0017", "width": 1918, "height": 1078, "position": [-2.1121547781646415, 0.03901821254374571, 1.3105221634704558], "rotation": [[-0.28124157015761636, -0.046567755109441805, 0.9585064545423495], [0.46475739352386913, 0.8672586555330163, 0.17850207160692627], [-0.8395854598432355, 0.4956751643840266, -0.2222664775279668]], "fy": 2682.3124026613873, "fx": 2681.3433480672593}, {"id": 12, "img_name": "house0021", "width": 1918, "height": 1078, "position": [-4.43434713816291, -1.4172849705634727, 0.9298219413288826], "rotation": [[-0.2161169947113203, -0.2738413914427476, 0.9371789247148307], [0.47551005631722815, 0.8088153639175011, 0.3459882851083063], [-0.8527506264659868, 0.5204119516533994, -0.04458441025926409]], "fy": 2682.3124026613873, "fx": 2681.3433480672593}, {"id": 13, "img_name": "house0022", "width": 1918, "height": 1078, "position": [-2.173713818121473, 0.16963843647993054, 1.0727589193381413], "rotation": [[-0.1595350522579824, -0.04718362098831384, 0.9860640308881942], [0.4839838421654849, 0.8668401436385489, 0.1197823271582036], [-0.8604116500976595, 0.49634853811322055, -0.11545527744148862]], "fy": 2682.3124026613873, "fx": 2681.3433480672593}, {"id": 14, "img_name": "house0023", "width": 1918, "height": 1078, "position": [-0.01504542482342207, -1.614291111081442, -1.9637017932203245], "rotation": [[-0.9925249356109453, 0.11558763241901607, 0.03916313856491816], [-0.0752151745039362, -0.832058166242485, 0.549565178585339], [0.09610894711123924, 0.5425114811881491, 0.8345324218172768]], "fy": 2682.3124026613873, "fx": 2681.3433480672593}, {"id": 15, "img_name": "house0024", "width": 1918, "height": 1078, "position": [-3.8444580897208334, 0.1638827820268314, 1.144644679007473], "rotation": [[-0.10488434744896184, 0.0712685417634177, 0.9919274512861921], [0.4906360977308834, 0.8712985960395425, -0.010722692895585296], [-0.8650291863651862, 0.48555077128394936, -0.12635250390057773]], "fy": 2682.3124026613873, "fx": 2681.3433480672593}, {"id": 16, "img_name": "house0026", "width": 1918, "height": 1078, "position": [-4.524921964287602, -1.1404412635321064, 0.42874875980886246], "rotation": [[-0.0931739520583592, -0.27908514216450947, 0.9557353703200704], [0.4912025604911137, 0.8220762332986707, 0.2879422011662124], [-0.8660477234106676, 0.49628837390018027, 0.06049124487654661]], "fy": 2682.3124026613873, "fx": 2681.3433480672593}, {"id": 17, "img_name": "house0027", "width": 1918, "height": 1078, "position": [-2.2010062547209412, 0.3047178148598261, 0.8312915972510162], "rotation": [[-0.0353636986028836, -0.04783383002419557, 0.9982290987174942], [0.4956855525699495, 0.8664901706190307, 0.05908144542939773], [-0.8677817938828564, 0.49689708081837164, -0.006931758769052149]], "fy": 2682.3124026613873, "fx": 2681.3433480672593}, {"id": 18, "img_name": "house0031", "width": 1918, "height": 1078, "position": [-4.543821470914713, -0.8594292266534858, -0.0753161417502275], "rotation": [[0.0312648735885564, -0.28119458939586567, 0.9591413402486529], [0.49819970192135926, 0.8362918833119445, 0.22893873178654087], [-0.8664984504804152, 0.47068618930350126, 0.16623762063380293]], "fy": 2682.3124026613873, "fx": 2681.3433480672593}, {"id": 19, "img_name": "house0032", "width": 1918, "height": 1078, "position": [-2.194126776726307, 0.44032726182926746, 0.5897076089197717], "rotation": [[0.0888556401251159, -0.04927119590395283, 0.9948251225578041], [0.4998367661171383, 0.8661178631067983, -0.0017476970202438165], [-0.8615496981924589, 0.49740546484885717, 0.10158701237350792]], "fy": 2682.3124026613873, "fx": 2681.3433480672593}, {"id": 20, "img_name": "house0033", "width": 1918, "height": 1078, "position": [-0.31062381247823884, -1.594190880534652, -1.9506994808208469], "rotation": [[-0.9865150924190681, -0.12361658760017773, 0.10727027407201341], [0.1623408866755408, -0.822406945537826, 0.5452451306014042], [0.020818475996011186, 0.5553069018130701, 0.8313848903221497]], "fy": 2682.3124026613873, "fx": 2681.3433480672593}, {"id": 21, "img_name": "house0034", "width": 1918, "height": 1078, "position": [-3.8274300508163437, 0.6415890914384438, 0.30184363639737727], "rotation": [[0.14395881076886546, 0.06900823131458465, 0.9871746171842379], [0.4994277593695772, 0.8561356038565344, -0.13267909021504162], [-0.8543112863430388, 0.5121227312080965, 0.08878363704457069]], "fy": 2682.3124026613873, "fx": 2681.3433480672593}, {"id": 22, "img_name": "house0036", "width": 1918, "height": 1078, "position": [-4.489818678287017, -0.5745233054246087, -0.5795686496702388], "rotation": [[0.15548527392435227, -0.2799155421286612, 0.9473497869675628], [0.4988908004965844, 0.8499753258080063, 0.1692628568158144], [-0.8526032481597441, 0.44630621191329095, 0.2718059352462017]], "fy": 2682.3124026613873, "fx": 2681.3433480672593}, {"id": 23, "img_name": "house0037", "width": 1918, "height": 1078, "position": [-2.151980398494475, 0.5781011876635368, 0.3491226505983247], "rotation": [[0.21321641913975758, -0.05052712682397647, 0.9756975802286961], [0.496211130422956, 0.8658695416929058, -0.06359599683069202], [-0.8416134936261366, 0.4977117099520877, 0.20968972584029377]], "fy": 2682.3124026613873, "fx": 2681.3433480672593}, {"id": 24, "img_name": "house0041", "width": 1918, "height": 1078, "position": [-4.363462759319619, -0.2868193635812742, -1.0744864912432734], "rotation": [[0.27825477083004796, -0.2745794357529365, 0.920424041391747], [0.49188143261093004, 0.8638135340787831, 0.1089900664966396], [-0.8250011750070035, 0.4224124901135403, 0.3754207631886409]], "fy": 2682.3124026613873, "fx": 2681.3433480672593}, {"id": 25, "img_name": "house0042", "width": 1918, "height": 1078, "position": [-2.075936827257209, 0.7135525789044344, 0.11718956737045873], "rotation": [[0.3335260873222704, -0.05180577950787713, 0.9413163709853761], [0.4855174238042708, 0.8653302551435875, -0.12440410248700803], [-0.8081046839722938, 0.4985175129749358, 0.3137628228444593]], "fy": 2682.3124026613873, "fx": 2681.3433480672593}, {"id": 26, "img_name": "house0043", "width": 1918, "height": 1078, "position": [-0.5924696890446682, -1.5038448769905888, -1.960411963047683], "rotation": [[-0.9192131245189277, -0.3540682303992066, 0.17228731797240276], [0.38983973832889274, -0.7567333151597424, 0.52476629860063], [-0.05542752142942964, 0.5495365119346662, 0.833629061344955]], "fy": 2682.3124026613873, "fx": 2681.3433480672593}, {"id": 27, "img_name": "house0044", "width": 1918, "height": 1078, "position": [-3.5750409066547326, 1.1153644560293343, -0.5084939906224478], "rotation": [[0.384576832807475, 0.0587975261266414, 0.9212184923182762], [0.47843432676186637, 0.8407691770055166, -0.25339255311351566], [-0.7894309688906884, 0.5381914547062718, 0.29520959238726596]], "fy": 2682.3124026613873, "fx": 2681.3433480672593}, {"id": 28, "img_name": "house0046", "width": 1918, "height": 1078, "position": [-4.167506038796153, -0.012566718840250565, -1.5505580454110746], "rotation": [[0.3961354171136527, -0.2668461510213314, 0.8785612460115078], [0.4767505352514318, 0.8775246948124498, 0.05156876120084888], [-0.7847201147196785, 0.39842633155881857, 0.4748376563362648]], "fy": 2682.3124026613873, "fx": 2681.3433480672593}, {"id": 29, "img_name": "house0047", "width": 1918, "height": 1078, "position": [-1.9667217904163643, 0.8452256510495274, -0.10336420665016575], "rotation": [[0.4485742899786266, -0.05277256200094794, 0.8921861706337009], [0.46670676724055254, 0.8651711392715947, -0.18347668294190278], [-0.7622111910632405, 0.49869224625148006, 0.41272284131921905]], "fy": 2682.3124026613873, "fx": 2681.3433480672593}, {"id": 30, "img_name": "house0051", "width": 1918, "height": 1078, "position": [-3.9055602555021363, 0.25342974758550607, -1.9963827608844795], "rotation": [[0.5076519999581828, -0.2546493849939458, 0.8230693395216847], [0.4536099347380898, 0.8911911197477578, -0.004051566319792184], [-0.7324803574467803, 0.37540921513055975, 0.56792644519312]], "fy": 2682.3124026613873, "fx": 2681.3433480672593}, {"id": 31, "img_name": "house0052", "width": 1918, "height": 1078, "position": [-1.8260884121560608, 0.9698641852924735, -0.31062573595713144], "rotation": [[0.5568507042108058, -0.05455145989885476, 0.8288192996322138], [0.44091638053049403, 0.8650604072307715, -0.23929738239608941], [-0.7039247393008843, 0.49869292161071976, 0.505762129202599]], "fy": 2682.3124026613873, "fx": 2681.3433480672593}, {"id": 32, "img_name": "house0053", "width": 1918, "height": 1078, "position": [-0.8457758261419545, -1.3500370267472828, -1.9915779713208563], "rotation": [[-0.7946885806615499, -0.5613620356155448, 0.23096043976339964], [0.5935075259645324, -0.6387353937073541, 0.489658976685786], [-0.12735335248665866, 0.52620315639027, 0.8407683163721893]], "fy": 2682.3124026613873, "fx": 2681.3433480672593}, {"id": 33, "img_name": "house0054", "width": 1918, "height": 1078, "position": [-3.095015156289649, 1.5535192302283864, -1.234098053837196], "rotation": [[0.6014478516581577, 0.04160028722802252, 0.797828238305923], [0.4268605452324059, 0.8274134015304823, -0.3649344295783145], [-0.6753151535836285, 0.5600504254710487, 0.47988849149569884]], "fy": 2682.3124026613873, "fx": 2681.3433480672593}, {"id": 34, "img_name": "house0056", "width": 1918, "height": 1078, "position": [-3.5743494450861033, 0.5139309469196902, -2.4116000276115734], "rotation": [[0.6124631587325691, -0.23891345587189985, 0.7535311803758816], [0.4245147368110775, 0.903524551829338, -0.05857151587432007], [-0.6668403987653606, 0.3557579863403488, 0.6547977838459098]], "fy": 2682.3124026613873, "fx": 2681.3433480672593}, {"id": 35, "img_name": "house0057", "width": 1918, "height": 1078, "position": [-1.6558650717833756, 1.0869120422443295, -0.4993826439478105], "rotation": [[0.656386187744444, -0.05561220187708669, 0.7523725510282107], [0.4078415844066745, 0.8651485199050214, -0.2918617490093633], [-0.634682924433113, 0.49842283405611865, 0.5905525073391]], "fy": 2682.3124026613873, "fx": 2681.3433480672593}, {"id": 36, "img_name": "house0061", "width": 1918, "height": 1078, "position": [-3.1882367200752726, 0.7507095173204371, -2.781492651922082], "rotation": [[0.7068078297312815, -0.21966476142553784, 0.6724359333188683], [0.3873466262743576, 0.9155801844936993, -0.10805330571693184], [-0.5919335122667316, 0.33683871266578785, 0.7322256473965015]], "fy": 2682.3124026613873, "fx": 2681.3433480672593}, {"id": 37, "img_name": "house0062", "width": 1918, "height": 1078, "position": [-1.4596919849614236, 1.1930442631588558, -0.6676928422635271], "rotation": [[0.7453705370974395, -0.057589006702148345, 0.6641583160166967], [0.36922756343593316, 0.8651630630072888, -0.3393580422017575], [-0.5550619504399832, 0.49817304294281706, 0.6661305055759386]], "fy": 2682.3124026613873, "fx": 2681.3433480672593}, {"id": 38, "img_name": "house0063", "width": 1918, "height": 1078, "position": [-1.0523071543232336, -1.1417539032456905, -2.0440061788274644], "rotation": [[-0.6208684305827774, -0.7326577495624983, 0.27880999607563267], [0.7603075982136376, -0.4761718549464844, 0.44180620259954906], [-0.19093126513038264, 0.48628488210393667, 0.852685326150786]], "fy": 2682.3124026613873, "fx": 2681.3433480672593}, {"id": 39, "img_name": "house0064", "width": 1918, "height": 1078, "position": [-2.4136112290041534, 1.928959748260867, -1.8244186514504714], "rotation": [[0.7810139726345637, 0.01802892708327288, 0.6242532597734696], [0.34958368602228057, 0.815681869385455, -0.46092768893062297], [-0.5175020975963793, 0.578219720992008, 0.6307563184299241]], "fy": 2682.3124026613873, "fx": 2681.3433480672593}, {"id": 40, "img_name": "house0066", "width": 1918, "height": 1078, "position": [-2.753972912577336, 0.9609399403665476, -3.102102089198497], "rotation": [[0.7891573163364198, -0.19811264321020425, 0.5813622886573963], [0.3445481021974533, 0.9263791531748957, -0.15201404486131026], [-0.5084460004217094, 0.3202702689342697, 0.7993182216689032]], "fy": 2682.3124026613873, "fx": 2681.3433480672593}, {"id": 41, "img_name": "house0067", "width": 1918, "height": 1078, "position": [-1.2404189015977753, 1.2900406372288549, -0.8097842056908335], "rotation": [[0.8224979083271261, -0.05717865027072717, 0.5658867313789218], [0.32381149166491474, 0.8650256452960061, -0.3832450271640469], [-0.4675931015992912, 0.49845885982039284, 0.7299968879408383]], "fy": 2682.3124026613873, "fx": 2681.3433480672593}, {"id": 42, "img_name": "house0071", "width": 1918, "height": 1078, "position": [-2.2748369522045597, 1.142930446821168, -3.373733445661707], "rotation": [[0.8591355200218906, -0.17527254633685943, 0.48079693503318965], [0.2972059784140046, 0.9357259471096403, -0.18996199172661068], [-0.416599045404199, 0.3060988180414295, 0.856007446791177]], "fy": 2682.3124026613873, "fx": 2681.3433480672593}, {"id": 43, "img_name": "house0072", "width": 1918, "height": 1078, "position": [-1.0023717832815908, 1.3709067669556378, -0.928588503294952], "rotation": [[0.8865197758160571, -0.05854346266503503, 0.4589720580451881], [0.27426385530421193, 0.8653970262284214, -0.41936538325030503], [-0.37264195249692184, 0.4976551516604571, 0.7832479334572732]], "fy": 2682.3124026613873, "fx": 2681.3433480672593}, {"id": 44, "img_name": "house0073", "width": 1918, "height": 1078, "position": [-1.1979374390263506, -0.8927405740443665, -2.11353060962681], "rotation": [[-0.4085139467376765, -0.8575763449252963, 0.31253666656150203], [0.8799235099362047, -0.27900822732612635, 0.3845634222672272], [-0.24259219274815064, 0.43210788202589107, 0.8685803395822074]], "fy": 2682.3124026613873, "fx": 2681.3433480672593}, {"id": 45, "img_name": "house0074", "width": 1918, "height": 1078, "position": [-1.5898171201368865, 2.2175989162847474, -2.2434816239546005], "rotation": [[0.9103939725516286, -0.0095241373967937, 0.41363281488357745], [0.2511911080162106, 0.8071232663238553, -0.5342799455456844], [-0.328764112997835, 0.5903061271624732, 0.7371925353930199]], "fy": 2682.3124026613873, "fx": 2681.3433480672593}, {"id": 46, "img_name": "house0076", "width": 1918, "height": 1078, "position": [-1.7570596802032818, 1.2942232806424154, -3.590339243448989], "rotation": [[0.9158795566612373, -0.15059023411074862, 0.3721387094625944], [0.2451810481620578, 0.9438380135521908, -0.22148602167181788], [-0.31788502844923366, 0.2940958781831602, 0.9013638128544466]], "fy": 2682.3124026613873, "fx": 2681.3433480672593}, {"id": 47, "img_name": "house0077", "width": 1918, "height": 1078, "position": [-0.7486905851504556, 1.4384907127457183, -1.0198144699879876], "rotation": [[0.9367172024173921, -0.059289963028939206, 0.345029829115341], [0.2203716979045496, 0.8656552466456789, -0.44953009767697955], [-0.27202425895129345, 0.4971173847682617, 0.8239399907172632]], "fy": 2682.3124026613873, "fx": 2681.3433480672593}, {"id": 48, "img_name": "house0081", "width": 1918, "height": 1078, "position": [-1.2127162777677785, 1.4206794027694944, -3.7472354964694587], "rotation": [[0.9582288199421012, -0.12366955907823536, 0.2578824708850201], [0.18932031554521397, 0.9501257848118275, -0.2478281887872512], [-0.21437198220436587, 0.2862985036515274, 0.9338510695248292]], "fy": 2682.3124026613873, "fx": 2681.3433480672593}, {"id": 49, "img_name": "house0082", "width": 1918, "height": 1078, "position": [-0.4825250454146039, 1.4901608823320458, -1.0825989532285958], "rotation": [[0.972375670868971, -0.06048162870943954, 0.2254496114229784], [0.1634322148127402, 0.86600864409489, -0.4725663334541856], [-0.16665973077957605, 0.49635773484613266, 0.8519703828155621]], "fy": 2682.3124026613873, "fx": 2681.3433480672593}, {"id": 50, "img_name": "house0083", "width": 1918, "height": 1078, "position": [-1.2757650659702136, -0.615827379528864, -2.1958395436647224], "rotation": [[-0.17043951923994827, -0.9281946217574445, 0.33076443947590467], [0.9453164555416286, -0.05929433784198938, 0.32071947303226206], [-0.27807763154102677, 0.3673403403390841, 0.8875437483279902]], "fy": 2682.3124026613873, "fx": 2681.3433480672593}, {"id": 51, "img_name": "house0084", "width": 1918, "height": 1078, "position": [-0.6660653365990391, 2.4025708923727858, -2.4706772251411975], "rotation": [[0.9832891944885834, -0.04024051900481459, 0.17754734757865515], [0.13772295577163848, 0.8022306996043094, -0.580911604347773], [-0.11905774840604008, 0.5956564490061393, 0.794366821627062]], "fy": 2682.3124026613873, "fx": 2681.3433480672593}, {"id": 52, "img_name": "house0086", "width": 1918, "height": 1078, "position": [-0.6466036489114105, 1.5097541998615625, -3.8446433061295733], "rotation": [[0.9855831549072114, -0.09629579464508513, 0.13911493340694678], [0.13089172075721692, 0.954962644268804, -0.2662962738912217], [-0.10720635335819603, 0.28066611477840603, 0.9537994180197598]], "fy": 2682.3124026613873, "fx": 2681.3433480672593}, {"id": 53, "img_name": "house0087", "width": 1918, "height": 1078, "position": [-0.20817533732985102, 1.5261272443640057, -1.1157678430927416], "rotation": [[0.9928569666541349, -0.06145568795450365, 0.10226554739690506], [0.10394518827575698, 0.8663186166772087, -0.48855649850637045], [-0.05856997183427186, 0.49569673472449516, 0.8665184969651867]], "fy": 2682.3124026613873, "fx": 2681.3433480672593}, {"id": 54, "img_name": "house0091", "width": 1918, "height": 1078, "position": [-0.06927075586367501, 1.566630600173414, -3.8781399605628906], "rotation": [[0.9974739804209288, -0.06869097777998139, 0.018088890371122643], [0.07101085281270077, 0.9579615341287188, -0.27796970682533806], [0.0017655497844403835, 0.2785520574351975, 0.9604195094502074]], "fy": 2682.3124026613873, "fx": 2681.3433480672593}, {"id": 55, "img_name": "house0092", "width": 1918, "height": 1078, "position": [0.06977987657087202, 1.545550409163085, -1.118334802861192], "rotation": [[0.9977964192857646, -0.06241821839500068, -0.022500481614860554], [0.043001012982794976, 0.8666066949574128, -0.4971355440294359], [0.050529382966351136, 0.49507252223021186, 0.8673811037771436]], "fy": 2682.3124026613873, "fx": 2681.3433480672593}, {"id": 56, "img_name": "house0093", "width": 1918, "height": 1078, "position": [-1.2817849359811029, -0.33224147425382644, -2.2844540240991575], "rotation": [[0.07800847282475303, -0.939855047767248, 0.33254648901164713], [0.951895257105753, 0.16936313890271454, 0.25536551584071043], [-0.2963276862986683, 0.29662875175451814, 0.9078553221551519]], "fy": 2682.3124026613873, "fx": 2681.3433480672593}, {"id": 57, "img_name": "house0094", "width": 1918, "height": 1078, "position": [0.3022871541652929, 2.4750284235378492, -2.489449626378535], "rotation": [[0.9950026046505451, -0.07157886498754923, -0.06961524851442474], [0.015720095425907937, 0.8008097522708821, -0.5987124679407044], [0.09860372882620244, 0.5946261066880117, 0.7979330159271679]], "fy": 2682.3124026613873, "fx": 2681.3433480672593}, {"id": 58, "img_name": "house0096", "width": 1918, "height": 1078, "position": [0.5065576036769981, 1.5891713248994208, -3.847608512476475], "rotation": [[0.9939140933676283, -0.04007540456568038, -0.10260963382695927], [0.009511323004797363, 0.9592189192621167, -0.28250415866729356], [0.10974657051545633, 0.27980891136365554, 0.9537623725968549]], "fy": 2682.3124026613873, "fx": 2681.3433480672593}, {"id": 59, "img_name": "house0097", "width": 1918, "height": 1078, "position": [0.34698488808710876, 1.5472325008714303, -1.0902297638005862], "rotation": [[0.9871414790398277, -0.06313313565793252, -0.14685335386384105], [-0.01861256020974856, 0.8670548776201751, -0.4978648529445532], [0.15876168606279004, 0.4941963641884267, 0.8547307650140131]], "fy": 2682.3124026613873, "fx": 2681.3433480672593}, {"id": 60, "img_name": "house0101", "width": 1918, "height": 1078, "position": [1.0825325093825597, 1.5745120691017114, -3.7562083558979498], "rotation": [[0.9746950448675218, -0.012136532144392937, -0.2232090367754129], [-0.051989152657634256, 0.9588368477389435, -0.27915771066547174], [0.2174090557374295, 0.28369808600967705, 0.9339425563051538]], "fy": 2682.3124026613873, "fx": 2681.3433480672593}, {"id": 61, "img_name": "house0102", "width": 1918, "height": 1078, "position": [0.6192636879119228, 1.5321186565445681, -1.0320793271624953], "rotation": [[0.9610137858523872, -0.06380114798027027, -0.2690388762206344], [-0.07986654346269235, 0.8674877264321318, -0.4910054783044001], [0.26471463623491615, 0.4933502386804029, 0.8285720870008869]], "fy": 2682.3124026613873, "fx": 2681.3433480672593}, {"id": 62, "img_name": "house0103", "width": 1918, "height": 1078, "position": [-1.2123540700171214, -0.057121455031043676, -2.3756530899498216], "rotation": [[0.32195673191872837, -0.8921836470876132, 0.31678415781357677], [0.8994421611241759, 0.3926888631353842, 0.1918313205962764], [-0.2955463780263326, 0.2231676424549145, 0.9288964106920811]], "fy": 2682.3124026613873, "fx": 2681.3433480672593}, {"id": 63, "img_name": "house0104", "width": 1918, "height": 1078, "position": [1.255057290127563, 2.4263234926929416, -2.295521167528623], "rotation": [[0.9444291435431585, -0.10207677070232575, -0.31246427909334], [-0.10702253701638, 0.8032869469544097, -0.5858978216577024], [0.31080503438154516, 0.5867796977875497, 0.7477230883605497]], "fy": 2682.3124026613873, "fx": 2681.3433480672593}, {"id": 64, "img_name": "house0106", "width": 1918, "height": 1078, "position": [1.6409349012287398, 1.5248252141363456, -3.601583661355305], "rotation": [[0.9402424076527982, 0.015370119406866512, -0.3401587486464042], [-0.11279208546763275, 0.9566405110783436, -0.26854585831777006], [0.3212820572443025, 0.2908654190397756, 0.9012076052162922]], "fy": 2682.3124026613873, "fx": 2681.3433480672593}, {"id": 65, "img_name": "house0107", "width": 1918, "height": 1078, "position": [0.8821438911238221, 1.4999117294419195, -0.9446281586435001], "rotation": [[0.9197880218865864, -0.06429660045980728, -0.38711231182083633], [-0.13990851392642695, 0.8679256836289202, -0.4765822231558479], [0.3666273346667694, 0.49251492857230583, 0.7893120058687547]], "fy": 2682.3124026613873, "fx": 2681.3433480672593}, {"id": 66, "img_name": "house0111", "width": 1918, "height": 1078, "position": [2.1722259517291134, 1.4414653097426542, -3.3884823235723003], "rotation": [[0.8913206653415803, 0.0419184868337688, -0.45143140342316646], [-0.1718716721134095, 0.9526354023285032, -0.250890252013408], [0.4195325968980041, 0.3012119365031503, 0.8563082210559692]], "fy": 2682.3124026613873, "fx": 2681.3433480672593}, {"id": 67, "img_name": "house0112", "width": 1918, "height": 1078, "position": [1.129384551451147, 1.4506712661975172, -0.8305510876705078], "rotation": [[0.8646836459169662, -0.06405731490381135, -0.498215669054132], [-0.1976018670048608, 0.8684921375809621, -0.4546151219616925], [0.461817815420687, 0.4915466075229947, 0.7383131029534145]], "fy": 2682.3124026613873, "fx": 2681.3433480672593}, {"id": 68, "img_name": "house0113", "width": 1918, "height": 1078, "position": [-1.072947470079307, 0.19171698885321328, -2.463113137145149], "rotation": [[0.5457829499195457, -0.7880159716318336, 0.2848715500541534], [0.791242278343122, 0.5965708346118684, 0.13430895820042682], [-0.27578366256815157, 0.1520988748927352, 0.949109742715172]], "fy": 2682.3124026613873, "fx": 2681.3433480672593}, {"id": 69, "img_name": "house0114", "width": 1918, "height": 1078, "position": [2.1234062181142237, 2.2585904676359916, -1.9036225175669486], "rotation": [[0.8354684134360577, -0.12898264684930974, -0.5341872396102161], [-0.22226635783734527, 0.809695773588533, -0.543130205757872], [0.5025835217397776, 0.5724999834450769, 0.6478067401864764]], "fy": 2682.3124026613873, "fx": 2681.3433480672593}, {"id": 70, "img_name": "house0116", "width": 1918, "height": 1078, "position": [2.672677149835734, 1.3207394079907278, -3.119683306237524], "rotation": [[0.8282990152883339, 0.06691234151512594, -0.5562764419111593], [-0.22792317881013432, 0.9472207570015351, -0.22544148257701443], [0.5118317749353392, 0.31352125296126565, 0.7998328938647986]], "fy": 2682.3124026613873, "fx": 2681.3433480672593}, {"id": 71, "img_name": "house0117", "width": 1918, "height": 1078, "position": [1.3616608161602648, 1.386652984288633, -0.6899192320208247], "rotation": [[0.7954904514340646, -0.06432103622061718, -0.6025427337349063], [-0.25228257855969666, 0.8689221636990073, -0.42582599026821494], [0.5509523048617716, 0.49075154378987085, 0.6749922073886185]], "fy": 2682.3124026613873, "fx": 2681.3433480672593}, {"id": 72, "img_name": "house0121", "width": 1918, "height": 1078, "position": [3.1310873611071797, 1.1708891792691962, -2.8006465311867808], "rotation": [[0.7526170758153867, 0.09007318279247443, -0.6522686248262521], [-0.28048593785666515, 0.9400861076511944, -0.19381885580586267], [0.5957307914282788, 0.3288235574633611, 0.7327891185063928]], "fy": 2682.3124026613873, "fx": 2681.3433480672593}, {"id": 73, "img_name": "house0122", "width": 1918, "height": 1078, "position": [1.5722297125913505, 1.3052076728237534, -0.5286790535601466], "rotation": [[0.7143528563991693, -0.06290682143605567, -0.696952457755305], [-0.3028818610865555, 0.8700359473764593, -0.38897304340724115], [0.6308427496445467, 0.4889582621140165, 0.6024593290267387]], "fy": 2682.3124026613873, "fx": 2681.3433480672593}, {"id": 74, "img_name": "house0123", "width": 1918, "height": 1078, "position": [-0.8739003816350109, 0.40111907819053627, -2.54103526633123], "rotation": [[0.73574470505492, -0.6336026133469529, 0.23922261043546927], [0.6340131313502423, 0.7685633473809101, 0.08566055298742005], [-0.2381324804790582, 0.08864597803940034, 0.9671787902545883]], "fy": 2682.3124026613873, "fx": 2681.3433480672593}, {"id": 75, "img_name": "house0124", "width": 1918, "height": 1078, "position": [2.8625936112924895, 1.9862258774674508, -1.341737008077509], "rotation": [[0.6746010130422836, -0.15106596783706053, -0.7225597183373681], [-0.3234959875501142, 0.8193380221731035, -0.4733239392429283], [0.663523789506677, 0.553049978557923, 0.5038570253313731]], "fy": 2682.3124026613873, "fx": 2681.3433480672593}, {"id": 76, "img_name": "house0126", "width": 1918, "height": 1078, "position": [3.5427376083546416, 0.9948537521231712, -2.4353737075667006], "rotation": [[0.665330987848536, 0.11042755547995362, -0.7383362591659799], [-0.32853680540826624, 0.9313930333503871, -0.15675007151033649], [0.6703717208389853, 0.3468613158267815, 0.6559641632606855]], "fy": 2682.3124026613873, "fx": 2681.3433480672593}, {"id": 77, "img_name": "house0127", "width": 1918, "height": 1078, "position": [1.7575430168575654, 1.2141705834083674, -0.3442418630865143], "rotation": [[0.622334874422995, -0.06303126904057027, -0.78020917913086], [-0.34836284038154264, 0.8702948993118548, -0.3481811592735486], [0.7009583693189055, 0.4884811637667349, 0.5196571149583897]], "fy": 2682.3124026613873, "fx": 2681.3433480672593}, {"id": 78, "img_name": "house0131", "width": 1918, "height": 1078, "position": [3.900140867385295, 0.7887793344779671, -2.0320534999922923], "rotation": [[0.5679846095682166, 0.12856746808746652, -0.812935353790951], [-0.3709470468028506, 0.9217036096989046, -0.11340522182092319], [0.7347052278035622, 0.36596838936933795, 0.5712051874944138]], "fy": 2682.3124026613873, "fx": 2681.3433480672593}, {"id": 79, "img_name": "house0132", "width": 1918, "height": 1078, "position": [1.9159214682412846, 1.1111122709061543, -0.1420353488664148], "rotation": [[0.5207002060619635, -0.0632625193654766, -0.8513924765057307], [-0.38794489953120903, 0.870812515415078, -0.30196741202352356], [0.7605064433223091, 0.4875278624242897, 0.42888988449863696]], "fy": 2682.3124026613873, "fx": 2681.3433480672593}, {"id": 80, "img_name": "house0133", "width": 1918, "height": 1078, "position": [-0.6269706298417492, 0.5527282231850411, -2.6046168063938167], "rotation": [[0.87987178362375, -0.4387721099399566, 0.1824956983646449], [0.43728853378626587, 0.8979021083542916, 0.050502891322929684], [-0.18602253251103368, 0.035367207293713655, 0.9819087422191661]], "fy": 2682.3124026613873, "fx": 2681.3433480672593}, {"id": 81, "img_name": "house0134", "width": 1918, "height": 1078, "position": [3.4244034125610585, 1.630601149151656, -0.6435456495288908], "rotation": [[0.47275401321142957, -0.16802573356683212, -0.8650265867889931], [-0.4039408278823879, 0.8311164653343855, -0.382200508398103], [0.7831573600255434, 0.530106379804474, 0.3250411905103971]], "fy": 2682.3124026613873, "fx": 2681.3433480672593}, {"id": 82, "img_name": "house0136", "width": 1918, "height": 1078, "position": [4.20150662038346, 0.5646653704145099, -1.5896765189226958], "rotation": [[0.461092666499602, 0.14289194531598598, -0.8757713427967941], [-0.4080560188135809, 0.9105481456756972, -0.06627488149034921], [0.7879618254777939, 0.3879226293610139, 0.4781549907920444]], "fy": 2682.3124026613873, "fx": 2681.3433480672593}, {"id": 83, "img_name": "house0137", "width": 1918, "height": 1078, "position": [2.0446267459544307, 0.9969548247703282, 0.07358378723402054], "rotation": [[0.4113935110136555, -0.06243099995177684, -0.9093171885216281], [-0.4218009568246586, 0.8713527628584272, -0.2506557708906538], [0.8079847349533651, 0.48666901781807176, 0.3321354169285979]], "fy": 2682.3124026613873, "fx": 2681.3433480672593}, {"id": 84, "img_name": "house0141", "width": 1918, "height": 1078, "position": [4.440162095813952, 0.3179909386057572, -1.1147361603231039], "rotation": [[0.345847391856266, 0.1538981245773243, -0.9255835720224298], [-0.43846946766660067, 0.8986304126023565, -0.01441899685437151], [0.8295384906503049, 0.4108269085608937, 0.37826861319955285]], "fy": 2682.3124026613873, "fx": 2681.3433480672593}, {"id": 85, "img_name": "house0142", "width": 1918, "height": 1078, "position": [2.14445993004684, 0.8730434622387683, 0.30215579022266026], "rotation": [[0.29449222711033357, -0.06135974657444833, -0.9536819751216412], [-0.44931227999394524, 0.8718688813212501, -0.1948412913893622], [0.8434410490474351, 0.4858802684653404, 0.22918892097527402]], "fy": 2682.3124026613873, "fx": 2681.3433480672593}, {"id": 86, "img_name": "house0143", "width": 1918, "height": 1078, "position": [-0.3473439796896116, 0.6425979098495582, -2.6505345220876344], "rotation": [[0.9692948122367625, -0.2156502541429452, 0.11816317048464073], [0.21366639710238927, 0.9764653895257752, 0.02936007165454717], [-0.12171375320884348, -0.003211066234003625, 0.9925600492330212]], "fy": 2682.3124026613873, "fx": 2681.3433480672593}, {"id": 87, "img_name": "house0144", "width": 1918, "height": 1078, "position": [3.7718294167780604, 1.1964409888442848, 0.1518385792687918], "rotation": [[0.23985092716243459, -0.17609553178376838, -0.9547051358535326], [-0.4590917352021052, 0.8459275922218727, -0.2713692823199139], [0.8553983349343396, 0.5033854113931956, 0.12205251405875442]], "fy": 2682.3124026613873, "fx": 2681.3433480672593}, {"id": 88, "img_name": "house0146", "width": 1918, "height": 1078, "position": [4.606069897348184, 0.05277937621975688, -0.6275150448677382], "rotation": [[0.2266471935873597, 0.16293807391387824, -0.9602511305425311], [-0.4618951496864817, 0.8859718213351995, 0.041313466280284095], [0.857486979688366, 0.4341717584887634, 0.27606333294318247]], "fy": 2682.3124026613873, "fx": 2681.3433480672593}, {"id": 89, "img_name": "house0147", "width": 1918, "height": 1078, "position": [2.208859247009237, 0.745631810407848, 0.5402357518112442], "rotation": [[0.17340193932690473, -0.06181119933823615, -0.9829095294451251], [-0.4698043425865885, 0.8719623160322312, -0.13771564583042473], [0.8655724389815399, 0.4856553253657129, 0.12216078675037968]], "fy": 2682.3124026613873, "fx": 2681.3433480672593}, {"id": 90, "img_name": "house0151", "width": 1918, "height": 1078, "position": [4.7026122679172975, -0.21729227460719322, -0.1300808378244509], "rotation": [[0.10497673108698327, 0.16753810108158987, -0.9802606136208196], [-0.4778402076621585, 0.8729601638162188, 0.09802697756916535], [0.8721517195257235, 0.4581173835120595, 0.17169694537873464]], "fy": 2682.3124026613873, "fx": 2681.3433480672593}, {"id": 91, "img_name": "house0152", "width": 1918, "height": 1078, "position": [2.2399504655885423, 0.6118871402978293, 0.7797053214047573], "rotation": [[0.050367956522490535, -0.060850767968591055, -0.9968752444480606], [-0.48319436124364473, 0.8720632604953193, -0.07764585601704033], [0.8740630859486596, 0.4855953600807008, 0.014521296429721026]], "fy": 2682.3124026613873, "fx": 2681.3433480672593}, {"id": 92, "img_name": "house0153", "width": 1918, "height": 1078, "position": [-0.05166577507579725, 0.6620621405391154, -2.675708720399426], "rotation": [[0.9985084410033661, 0.021800309089708342, 0.050056365915041846], [-0.023051601377113477, 0.9994326058371759, 0.024557892081018027], [-0.049492594587251554, -0.025675141929606696, 0.9984444251774439]], "fy": 2682.3124026613873, "fx": 2681.3433480672593}, {"id": 93, "img_name": "house0154", "width": 1918, "height": 1078, "position": [3.886418013191017, 0.7347146269748898, 0.9896506978952102], "rotation": [[-0.006434564475527267, -0.1788921627776492, -0.9838476459679848], [-0.48574516265168355, 0.8605531593540214, -0.15329676084739027], [0.8740767891555637, 0.4769128369236326, -0.09243328749402281]], "fy": 2682.3124026613873, "fx": 2681.3433480672593}, {"id": 94, "img_name": "house0156", "width": 1918, "height": 1078, "position": [4.72714417113708, -0.49203581116786543, 0.3745810050202368], "rotation": [[-0.019002645308510636, 0.1680990862514429, -0.9855869300435698], [-0.48777597176199655, 0.8589348615574663, 0.15590222889008326], [0.8727619955308082, 0.48370817731632976, 0.06567266063131004]], "fy": 2682.3124026613873, "fx": 2681.3433480672593}, {"id": 95, "img_name": "house0157", "width": 1918, "height": 1078, "position": [2.236686136307622, 0.4754430202526886, 1.0185571886101374], "rotation": [[-0.07307340047738234, -0.0594610585165614, -0.9955524399361201], [-0.4881721537128804, 0.8725953996915502, -0.016285477471396942], [0.8696828309688537, 0.48481094352049603, -0.0927907460944596]], "fy": 2682.3124026613873, "fx": 2681.3433480672593}, {"id": 96, "img_name": "house0161", "width": 1918, "height": 1078, "position": [4.681260475959383, -0.7758757847960462, 0.8721375953187795], "rotation": [[-0.14227997091513137, 0.1666567587965556, -0.9756956157653963], [-0.48877553942317076, 0.8453325378473086, 0.21566495431158256], [0.8607292733130305, 0.5075809543354196, -0.03881614171922551]], "fy": 2682.3124026613873, "fx": 2681.3433480672593}, {"id": 97, "img_name": "house0162", "width": 1918, "height": 1078, "position": [2.1999327459154205, 0.34009284853983196, 1.2558472860921943], "rotation": [[-0.19561592598768698, -0.05905813863316984, -0.9789006822763812], [-0.48594637778606137, 0.8728576944408439, 0.04444730781521933], [0.8518160173515086, 0.4843878420404455, -0.19944395470109907]], "fy": 2682.3124026613873, "fx": 2681.3433480672593}, {"id": 98, "img_name": "house0163", "width": 1918, "height": 1078, "position": [0.24142060126580145, 0.6121021098651469, -2.6782301013803336], "rotation": [[0.9657760083405588, 0.25878294056305917, -0.017552532219396302], [-0.258053254703091, 0.9654720742181356, 0.03566779558750709], [0.0261766967151784, -0.02991761318131351, 0.9992095460766048]], "fy": 2682.3124026613873, "fx": 2681.3433480672593}, {"id": 99, "img_name": "house0164", "width": 1918, "height": 1078, "position": [3.771649574425888, 0.26734285478475445, 1.8080274926141984], "rotation": [[-0.2484508850250798, -0.1740914556499029, -0.9528716192646065], [-0.4831397167929946, 0.8748878894371555, -0.03387026680415