[{"id": 0, "img_name": "cupnoodle0001", "width": 1934, "height": 1078, "position": [-2.2269185741148014, -2.781997861871448, -1.3945520935277713], "rotation": [[-0.6609848059037988, -0.49250753854731977, 0.5661584679560819], [0.6671088985398173, -0.04019792405250787, 0.7438748849039472], [-0.34360559345463104, 0.8693793483721184, 0.3551263785904415]], "fy": 2658.2465330648097, "fx": 2658.3501522463116}, {"id": 1, "img_name": "cupnoodle0002", "width": 1934, "height": 1078, "position": [3.5030078028532885, 0.6840647371291153, -0.48010270582064074], "rotation": [[0.22571981944065908, 0.038699218764400356, -0.973423306469853], [-0.8568496045454651, 0.48331972967972664, -0.1794736584922588], [0.4635291989745157, 0.8745881369932598, 0.142254252409911]], "fy": 2658.2465330648097, "fx": 2658.3501522463116}, {"id": 2, "img_name": "cupnoodle0003", "width": 1934, "height": 1078, "position": [2.653606437311403, 1.7558743193028945, 2.0742151469431573], "rotation": [[0.22271911770640704, -0.688497553702182, -0.6901936780021898], [-0.8573127353754532, 0.1987316012995057, -0.47489011824630817], [0.4641239795260936, 0.6974789381702111, -0.5459963941619181]], "fy": 2658.2465330648097, "fx": 2658.3501522463116}, {"id": 3, "img_name": "cupnoodle0004", "width": 1934, "height": 1078, "position": [1.2832421204730917, 1.6727690962778508, 2.6986331504306262], "rotation": [[0.18246631353027803, -0.9140382925859384, -0.3622706779650438], [-0.8645361554360342, 0.026331297434712315, -0.5018803629544452], [0.46827692701066453, 0.4047723588166401, -0.7854145766201829]], "fy": 2658.2465330648097, "fx": 2658.3501522463116}, {"id": 4, "img_name": "cupnoodle0005", "width": 1934, "height": 1078, "position": [1.6404812038394712, -1.491880609608484, -2.850979777434524], "rotation": [[0.03824974177227699, 0.8873376761490522, -0.4595310715727001], [-0.8781820951252585, 0.2492725497932962, 0.4082393951114468], [0.4767946780908585, 0.38793690776458556, 0.7887786701846634]], "fy": 2658.2465330648097, "fx": 2658.3501522463116}, {"id": 5, "img_name": "cupnoodle0006", "width": 1934, "height": 1078, "position": [-2.432489419167488, -2.5242496880115555, -1.5303630836966284], "rotation": [[-0.5623564083246821, -0.5442305717657203, 0.6225498813522655], [0.734132407521586, 0.01786898932003685, 0.6787711745848082], [-0.3805323616234536, 0.8387453630132553, 0.3894885592428099]], "fy": 2658.2465330648097, "fx": 2658.3501522463116}, {"id": 6, "img_name": "cupnoodle0007", "width": 1934, "height": 1078, "position": [3.5792636276525736, 0.29727889788163087, -0.27018333755073437], "rotation": [[0.10274925826215744, 0.039131108033363976, -0.9939372949591224], [-0.8744440765804828, 0.47982754746604095, -0.07150581533015829], [0.47412039279056845, 0.8764897495560374, 0.08351989022569195]], "fy": 2658.2465330648097, "fx": 2658.3501522463116}, {"id": 7, "img_name": "cupnoodle0008", "width": 1934, "height": 1078, "position": [2.705544944770937, 1.4630609748555357, 2.2293454669512918], "rotation": [[0.0989582144111673, -0.7019995671275451, -0.705268657713706], [-0.8746904906261295, 0.2765752149674112, -0.39802348683708483], [0.47447214608317545, 0.6562794817899379, -0.5866629563665631]], "fy": 2658.2465330648097, "fx": 2658.3501522463116}, {"id": 8, "img_name": "cupnoodle0009", "width": 1934, "height": 1078, "position": [1.2988809466991513, 1.5353158999698275, 2.7721926809295057], "rotation": [[0.05842891121606495, -0.9278043532676937, -0.36846321986274494], [-0.8773445471318058, 0.1283724013364426, -0.4623711411768712], [0.47629046594719066, 0.35028503912190095, -0.8065034305042825]], "fy": 2658.2465330648097, "fx": 2658.3501522463116}, {"id": 9, "img_name": "cupnoodle0010", "width": 1934, "height": 1078, "position": [1.6322867195240403, -1.6730371819334902, -2.75381849315361], "rotation": [[-0.08655197831784786, 0.8849262055713231, -0.4576181440266624], [-0.8750288656299829, 0.1520687278835403, 0.4595645616387179], [0.4762701327645604, 0.4402053074339541, 0.7611741245887211]], "fy": 2658.2465330648097, "fx": 2658.3501522463116}, {"id": 10, "img_name": "cupnoodle0011", "width": 1934, "height": 1078, "position": [-2.6006320383268955, -2.2457021048523376, -1.678836866353283], "rotation": [[-0.4547809552198499, -0.5874938943561601, 0.6693468509401933], [0.789957481946423, 0.08096500286483015, 0.6077926003399222], [-0.4112681114384958, 0.8051680522756294, 0.42727385610224505]], "fy": 2658.2465330648097, "fx": 2658.3501522463116}, {"id": 11, "img_name": "cupnoodle0012", "width": 1934, "height": 1078, "position": [3.599895230906889, -0.09605382015951491, -0.06138679081860061], "rotation": [[-0.021553597849748654, 0.04049089625964571, -0.9989474108980022], [-0.8784467992371228, 0.4763059856653097, 0.03826001737390822], [0.4773538135699612, 0.8783467967377626, 0.025302990549069853]], "fy": 2658.2465330648097, "fx": 2658.3501522463116}, {"id": 12, "img_name": "cupnoodle0013", "width": 1934, "height": 1078, "position": [2.713435778715095, 1.16942946983079, 2.3867847605026506], "rotation": [[-0.02555208990794216, -0.7049110923540879, -0.7088352718209663], [-0.8782312878769561, 0.3545565840091437, -0.3209352484999896], [0.4775530291970928, 0.6143207473396398, -0.628134638188937]], "fy": 2658.2465330648097, "fx": 2658.3501522463116}, {"id": 13, "img_name": "cupnoodle0014", "width": 1934, "height": 1078, "position": [1.2955531878411624, 1.397154877660371, 2.8465257967635083], "rotation": [[-0.06663069706013529, -0.9269683938329782, -0.36917468364446276], [-0.8764125931656281, 0.23122793105861125, -0.4224152109465915], [0.4769290479201071, 0.2954035218697685, -0.8278136520479458]], "fy": 2658.2465330648097, "fx": 2658.3501522463116}, {"id": 14, "img_name": "cupnoodle0015", "width": 1934, "height": 1078, "position": [1.5978086010746444, -1.8519644453457786, -2.6574775597700704], "rotation": [[-0.21010195637356846, 0.8688373457677495, -0.4483066300282108], [-0.8581364624641128, 0.05583230544822799, 0.5103768857010614], [0.46846449141592106, 0.4919394477652588, 0.7338505297503266]], "fy": 2658.2465330648097, "fx": 2658.3501522463116}, {"id": 15, "img_name": "cupnoodle0016", "width": 1934, "height": 1078, "position": [-2.7278985107547666, -1.9508026464389172, -1.835766245482305], "rotation": [[-0.3399716144488017, -0.6214995244868207, 0.7058028353809089], [0.8334313323741512, 0.14857449303026618, 0.5322760883581436], [-0.4356736342563341, 0.7691969585765761, 0.46746606650154093]], "fy": 2658.2465330648097, "fx": 2658.3501522463116}, {"id": 16, "img_name": "cupnoodle0017", "width": 1934, "height": 1078, "position": [3.5647054119050314, -0.4909747241358882, 0.14930828356878742], "rotation": [[-0.14655524748064688, 0.04119240023439419, -0.988344446839671], [-0.8686805747013895, 0.47258811846459303, 0.14850767462511563], [0.4731972300979259, 0.880320201091072, -0.03347723074904829]], "fy": 2658.2465330648097, "fx": 2658.3501522463116}, {"id": 17, "img_name": "cupnoodle0018", "width": 1934, "height": 1078, "position": [2.682477023268507, 0.8761702036255258, 2.5429602515017997], "rotation": [[-0.14998064447715861, -0.6961440793514763, -0.7020607004142174], [-0.8679948266329313, 0.4327021065395374, -0.24362649267826808], [0.4733822844389971, 0.5728457975582366, -0.6691464002736502]], "fy": 2658.2465330648097, "fx": 2658.3501522463116}, {"id": 18, "img_name": "cupnoodle0019", "width": 1934, "height": 1078, "position": [1.2731334062155315, 1.2600848297169083, 2.919911464512396], "rotation": [[-0.1905620357830609, -0.9115425809445422, -0.364384732999584], [-0.8617655082023974, 0.3331072869235946, -0.38262219521489554], [0.4701556331587222, 0.24110093015864717, -0.8490135582461308]], "fy": 2658.2465330648097, "fx": 2658.3501522463116}, {"id": 19, "img_name": "cupnoodle0020", "width": 1934, "height": 1078, "position": [1.5383427540203807, -2.025861442390395, -2.563659640161186], "rotation": [[-0.3305277712319756, 0.8391948218166864, -0.4318604444499203], [-0.8277643343982767, -0.037950063436248814, 0.5597910318890099], [0.45338460399819563, 0.5425051554789545, 0.7071990929972654]], "fy": 2658.2465330648097, "fx": 2658.3501522463116}, {"id": 20, "img_name": "cupnoodle0021", "width": 1934, "height": 1078, "position": [-2.8132309289475503, -1.6452277693530526, -1.9985486728945145], "rotation": [[-0.22019430169216997, -0.645460963956844, 0.731364897646995], [0.8638470749734207, 0.21922099069679424, 0.4535530710928783], [-0.45308133989622995, 0.7316572293402271, 0.5093083527608978]], "fy": 2658.2465330648097, "fx": 2658.3501522463116}, {"id": 21, "img_name": "cupnoodle0022", "width": 1934, "height": 1078, "position": [3.474744630386335, -0.8764930431572496, 0.3566639502709622], "rotation": [[-0.2685916346741494, 0.04106848108484211, -0.9623782591291494], [-0.8452721812648901, 0.4690600731313773, 0.2559249643424446], [0.461923666164403, 0.8822108748226644, -0.09127156721491231]], "fy": 2658.2465330648097, "fx": 2658.3501522463116}, {"id": 22, "img_name": "cupnoodle0023", "width": 1934, "height": 1078, "position": [2.6091977389814214, 0.5888604481061943, 2.697355599659243], "rotation": [[-0.2719714625753838, -0.6767645999101901, -0.6841207494682549], [-0.8443162215729446, 0.5089028277494234, -0.16777374615066135], [0.46169431611553596, 0.5319845751683416, -0.7098103762622565]], "fy": 2658.2465330648097, "fx": 2658.3501522463116}, {"id": 23, "img_name": "cupnoodle0024", "width": 1934, "height": 1078, "position": [1.2297583659331166, 1.127252727204385, 2.990745397422404], "rotation": [[-0.31135705225567933, -0.8820551904080852, -0.35360348850769363], [-0.8336074195640878, 0.4321602908308644, -0.3440002224951109], [0.4562405681856418, 0.18765959635238244, -0.8698439054442492]], "fy": 2658.2465330648097, "fx": 2658.3501522463116}, {"id": 24, "img_name": "cupnoodle0025", "width": 1934, "height": 1078, "position": [1.4548794468724822, -2.1916236587035374, -2.4739575387235893], "rotation": [[-0.4455580693363069, 0.7965713063166192, -0.4085977983327095], [-0.7844664394733473, -0.12746468212841358, 0.6069309352388552], [0.4313819794443339, 0.5909542357602129, 0.6816763741305333]], "fy": 2658.2465330648097, "fx": 2658.3501522463116}, {"id": 25, "img_name": "cupnoodle0026", "width": 1934, "height": 1078, "position": [-2.853995097167166, -1.3324323640097666, -2.1660305430604434], "rotation": [[-0.09674410285087286, -0.6594431980409449, 0.7455033515156793], [0.8808549358749651, 0.29199954675337003, 0.37260011626479356], [-0.46339525300577994, 0.6927271708640836, 0.5526245617400223]], "fy": 2658.2465330648097, "fx": 2658.3501522463116}, {"id": 26, "img_name": "cupnoodle0027", "width": 1934, "height": 1078, "position": [3.3310203268945813, -1.2481209407713307, 0.5523304503841486], "rotation": [[-0.38556560554021235, 0.04170704006366613, -0.9217373197573899], [-0.8089832295914479, 0.46512832915814967, 0.35944647954088876], [0.44371758818442153, 0.8842602333157789, -0.1455971899183646]], "fy": 2658.2465330648097, "fx": 2658.3501522463116}, {"id": 27, "img_name": "cupnoodle0028", "width": 1934, "height": 1078, "position": [2.4941229822228808, 0.31242405986939836, 2.8471549862565935], "rotation": [[-0.39011361921324444, -0.6469249904049368, -0.6552094481109957], [-0.8072065550167435, 0.5826309023642531, -0.09465098598650189], [0.4429773601916293, 0.49196472271880276, -0.7494943428458063]], "fy": 2658.2465330648097, "fx": 2658.3501522463116}, {"id": 28, "img_name": "cupnoodle0029", "width": 1934, "height": 1078, "position": [1.1700473574360424, 0.9987389827120027, 3.0605040138808572], "rotation": [[-0.42776513368527813, -0.8383512315611721, -0.33791153123721834], [-0.7923422664701254, 0.5276924721163702, -0.30616072190386895], [0.4349835895389618, 0.1367767063924984, -0.8899895557927742]], "fy": 2658.2465330648097, "fx": 2658.3501522463116}, {"id": 29, "img_name": "cupnoodle0030", "width": 1934, "height": 1078, "position": [1.348922840635951, -2.346842550551934, -2.3894595514462287], "rotation": [[-0.553663560521499, 0.7415287567042336, -0.378935040252719], [-0.7289019941538084, -0.21149572465872796, 0.651130894190777], [0.4026891414841696, 0.6367139557381737, 0.6575992654337361]], "fy": 2658.2465330648097, "fx": 2658.3501522463116}, {"id": 30, "img_name": "cupnoodle0031", "width": 1934, "height": 1078, "position": [-2.8506809090998466, -1.0165881812957083, -2.33465846228315], "rotation": [[0.028310950736387744, -0.6628315409383567, 0.7482331444180251], [0.8842752366439914, 0.3656435924152707, 0.29045149196357817], [-0.46610706487524406, 0.6534210829648358, 0.5964772354503115]], "fy": 2658.2465330648097, "fx": 2658.3501522463116}, {"id": 31, "img_name": "cupnoodle0032", "width": 1934, "height": 1078, "position": [3.1354121516396907, -1.6016904491933, 0.7483076298737227], "rotation": [[-0.49808552445542875, 0.03930707024088256, -0.8662365523094936], [-0.7596001079909633, 0.46204506288233843, 0.4577357707304209], [0.41823257437468514, 0.8859849401062831, -0.2002803026680081]], "fy": 2658.2465330648097, "fx": 2658.3501522463116}, {"id": 32, "img_name": "cupnoodle0033", "width": 1934, "height": 1078, "position": [2.343654527441336, 0.050177743666457754, 2.9880597434435665], "rotation": [[-0.5016123430675167, -0.60653212411096, -0.6168499328878644], [-0.7576746917598648, 0.652149096250114, -0.02511210319255378], [0.41750942354503745, 0.4547750418411359, -0.7866800763776105]], "fy": 2658.2465330648097, "fx": 2658.3501522463116}, {"id": 33, "img_name": "cupnoodle0034", "width": 1934, "height": 1078, "position": [1.091622867733787, 0.8795950779147808, 3.12535754288097], "rotation": [[-0.5369629729086999, -0.7818740632056512, -0.31677076097919055], [-0.7387172566908107, 0.6171263260020974, -0.2710201328727365], [0.40739118840771843, 0.08847625128495266, -0.9089578497192861]], "fy": 2658.2465330648097, "fx": 2658.3501522463116}, {"id": 34, "img_name": "cupnoodle0035", "width": 1934, "height": 1078, "position": [1.2213828124219341, -2.4889753078917343, -2.312120953508057], "rotation": [[-0.6531422169382586, 0.6750351992377595, -0.3431220252956871], [-0.6619387119471761, -0.28890665088295336, 0.6916430356052953], [0.36775315916887613, 0.6788670170700835, 0.6355290607483484]], "fy": 2658.2465330648097, "fx": 2658.3501522463116}, {"id": 35, "img_name": "cupnoodle0036", "width": 1934, "height": 1078, "position": [-2.8033095392847103, -0.7060911615214365, -2.5010074228855603], "rotation": [[0.15240046190467413, -0.6557776120132652, 0.7394118086651181], [0.8737262893839157, 0.43907299189122756, 0.20932577249612574], [-0.46192691029063876, 0.614142191494661, 0.6398850663794858]], "fy": 2658.2465330648097, "fx": 2658.3501522463116}, {"id": 36, "img_name": "cupnoodle0037", "width": 1934, "height": 1078, "position": [2.8915217547305234, -1.9307193401701443, 0.9276471304174408], "rotation": [[-0.6022334966819269, 0.03752641419914279, -0.7974375108506078], [-0.698505805842561, 0.45887291552384274, 0.5491131819605888], [0.3865287242605567, 0.8877090827720546, -0.25013622225800003]], "fy": 2658.2465330648097, "fx": 2658.3501522463116}, {"id": 37, "img_name": "cupnoodle0038", "width": 1934, "height": 1078, "position": [2.1549068261330793, -0.19204173220873044, 3.1195255676134512], "rotation": [[-0.6054872518028251, -0.5569783202470658, -0.5684719330617994], [-0.6962158255427002, 0.7167567905715423, 0.03928393352859096], [0.38557581896192406, 0.4195650771267067, -0.8217642203743736]], "fy": 2658.2465330648097, "fx": 2658.3501522463116}, {"id": 38, "img_name": "cupnoodle0039", "width": 1934, "height": 1078, "position": [0.9972253392085897, 0.7704331548427426, 3.1845880724301185], "rotation": [[-0.6377102710009351, -0.7132320885457258, -0.2909047922063437], [-0.6735338978237745, 0.699562458438698, -0.23867227577898115], [0.3737347973392725, 0.04373047692292994, -0.9265041536042165]], "fy": 2658.2465330648097, "fx": 2658.3501522463116}, {"id": 39, "img_name": "cupnoodle0040", "width": 1934, "height": 1078, "position": [1.0748113981449945, -2.6155313821899377, -2.2424877392931215], "rotation": [[-0.742375380356846, 0.5981017749906617, -0.3019156527791294], [-0.5846825225338141, -0.35830969029521614, 0.7278464904662534], [0.3271469738260222, 0.7168601206606251, 0.6156999471519468]], "fy": 2658.2465330648097, "fx": 2658.3501522463116}, {"id": 40, "img_name": "cupnoodle0041", "width": 1934, "height": 1078, "position": [-2.7120257208587595, -0.4023370192858016, -2.663950745503304], "rotation": [[0.27441573809856257, -0.6383582637942953, 0.7191625196917272], [0.8496513879311925, 0.5111861108754946, 0.1295425761461637], [-0.4503204655247405, 0.5754889113558308, 0.682659498751802]], "fy": 2658.2465330648097, "fx": 2658.3501522463116}, {"id": 41, "img_name": "cupnoodle0042", "width": 1934, "height": 1078, "position": [2.6031324228851247, -2.232494233816564, 1.084147610816772], "rotation": [[-0.6966991756727114, 0.037018375382799736, -0.7164076343123253], [-0.6267669500956952, 0.4543890071747285, 0.6330038075924228], [0.3489605262557712, 0.8900338589305369, -0.2933705524972001]], "fy": 2658.2465330648097, "fx": 2658.3501522463116}, {"id": 42, "img_name": "cupnoodle0043", "width": 1934, "height": 1078, "position": [1.9325199280947079, -0.41118401869346294, 3.2393650192066477], "rotation": [[-0.700003210708926, -0.49874182216409324, -0.5111282616150615], [-0.6238386273015765, 0.7754179687325189, 0.09773607754160658], [0.34759296897906256, 0.38727712118220226, -0.8539294814708919]], "fy": 2658.2465330648097, "fx": 2658.3501522463116}, {"id": 43, "img_name": "cupnoodle0044", "width": 1934, "height": 1078, "position": [0.8867043965189525, 0.6719214542242034, 3.2380896860506208], "rotation": [[-0.7287004072786608, -0.6334408775122043, -0.2602851727019473], [-0.5978911252876224, 0.773784699771944, -0.20924492992936053], [0.3339489762436988, 0.0031453291419305885, -0.9425859049287625]], "fy": 2658.2465330648097, "fx": 2658.3501522463116}, {"id": 44, "img_name": "cupnoodle0045", "width": 1934, "height": 1078, "position": [0.9115348878952675, -2.72462181786903, -2.1825807504352226], "rotation": [[-0.8201041982551208, 0.5117985247687474, -0.2559128250964744], [-0.49830197377345486, -0.41891678729185317, 0.7590809365664183], [0.2812903249985749, 0.7500473287530631, 0.598585631044206]], "fy": 2658.2465330648097, "fx": 2658.3501522463116}, {"id": 45, "img_name": "cupnoodle0046", "width": 1934, "height": 1078, "position": [-2.5775206741442154, -0.10957051808041356, -2.821691531827693], "rotation": [[0.3926192464254366, -0.61089702778413, 0.6874990536581399], [0.812336948839903, 0.5808461335405873, 0.052215425885717516], [-0.43122941560821054, 0.537980102415941, 0.7243055988453597]], "fy": 2658.2465330648097, "fx": 2658.3501522463116}, {"id": 46, "img_name": "cupnoodle0047", "width": 1934, "height": 1078, "position": [2.274213606536532, -2.4969638381437185, 1.2328064519685702], "rotation": [[-0.7807057641466776, 0.03388764759197689, -0.6239792762334608], [-0.5447617207664734, 0.4523047805568058, 0.7061551196960981], [0.3061587454503016, 0.8912193965719897, -0.334656256116863]], "fy": 2658.2465330648097, "fx": 2658.3501522463116}, {"id": 47, "img_name": "cupnoodle0048", "width": 1934, "height": 1078, "position": [1.682573582351164, -0.6054416510509699, 3.345030395739338], "rotation": [[-0.7834918763830486, -0.43233956325694395, -0.44634401719364836], [-0.5417285573749749, 0.8271020105009814, 0.1497746118327894], [0.30441854372918475, 0.35914449218668115, -0.8822383940669172]], "fy": 2658.2465330648097, "fx": 2658.3501522463116}, {"id": 48, "img_name": "cupnoodle0049", "width": 1934, "height": 1078, "position": [0.7630303035556334, 0.5856519569214141, 3.2851766111159186], "rotation": [[-0.8086485442682515, -0.5432923304994024, -0.2256567647409802], [-0.5125247485980223, 0.8389168575608146, -0.1831307952661755], [0.2888008205102125, -0.03243377438436607, -0.9568396607330883]], "fy": 2658.2465330648097, "fx": 2658.3501522463116}, {"id": 49, "img_name": "cupnoodle0050", "width": 1934, "height": 1078, "position": [0.7345565746876935, -2.815424910690034, -2.1320049625127337], "rotation": [[-0.8849696183295662, 0.417607636858986, -0.20599183544663824], [-0.4041851301538757, -0.46924162762677973, 0.7851411818677357], [0.23122100941764812, 0.77808492887295, 0.5840553811623176]], "fy": 2658.2465330648097, "fx": 2658.3501522463116}, {"id": 50, "img_name": "cupnoodle0051", "width": 1934, "height": 1078, "position": [-2.403863203286083, 0.16383084078782717, -2.9695040233101464], "rotation": [[0.5040642016346061, -0.5738274599919616, 0.6454775958851252], [0.7624026163160876, 0.6467817719056689, -0.020386028670335572], [-0.4057850801407706, 0.5023896751424508, 0.7635070942993335]], "fy": 2658.2465330648097, "fx": 2658.3501522463116}, {"id": 51, "img_name": "cupnoodle0052", "width": 1934, "height": 1078, "position": [1.912396234128406, -2.7224667403354825, 1.3593835301025299], "rotation": [[-0.8520803204090043, 0.030455455592135024, -0.5225242509169918], [-0.45507177645255803, 0.45010446449138986, 0.7683200175195437], [0.25859003431687216, 0.8924564058090425, -0.36966573804236175]], "fy": 2658.2465330648097, "fx": 2658.3501522463116}, {"id": 52, "img_name": "cupnoodle0053", "width": 1934, "height": 1078, "position": [1.4063676548383304, -0.7713040136276543, 3.436314580114215], "rotation": [[-0.8549871189891436, -0.3588917982272444, -0.3744244964313338], [-0.45084028106886787, 0.8711663834376823, 0.19445352486867742], [0.2563982592148145, 0.3350609042149263, -0.9066389155216578]], "fy": 2658.2465330648097, "fx": 2658.3501522463116}, {"id": 53, "img_name": "cupnoodle0054", "width": 1934, "height": 1078, "position": [0.6289856358272833, 0.513261985258102, 3.3245461564506953], "rotation": [[-0.8756609824082247, -0.4448688450065279, -0.18790836764343483], [-0.41936291377930107, 0.8934379452011618, -0.16094528455739393], [0.2394840087237497, -0.0621317054110359, -0.9689102439072045]], "fy": 2658.2465330648097, "fx": 2658.3501522463116}, {"id": 54, "img_name": "cupnoodle0055", "width": 1934, "height": 1078, "position": [0.5450193513841005, -2.885728707112556, -2.0925144685600396], "rotation": [[-0.9360964852421716, 0.31699341018585797, -0.1524419503154993], [-0.3035337073009265, -0.5089970984842614, 0.8054745447664742], [0.1777376123655551, 0.8002731606353818, 0.5726885798732574]], "fy": 2658.2465330648097, "fx": 2658.3501522463116}, {"id": 55, "img_name": "cupnoodle0056", "width": 1934, "height": 1078, "position": [-2.193056929578346, 0.41632995867359307, -3.107223368609409], "rotation": [[0.6077877380547174, -0.5277094358229595, 0.5933943181508771], [0.7005929892097895, 0.7081340864852018, -0.08783836876821155], [-0.3738496073829985, 0.46911498260147505, 0.8001047457417031]], "fy": 2658.2465330648097, "fx": 2658.3501522463116}, {"id": 56, "img_name": "cupnoodle0057", "width": 1934, "height": 1078, "position": [1.5165549439245498, -2.9081798404404164, 1.464401543713638], "rotation": [[-0.9109519633823079, 0.027183508477315963, -0.41161581271469827], [-0.35692274175818683, 0.44832628643292405, 0.8195179664345879], [0.20681556233933793, 0.893456544975819, -0.3987012984856404]], "fy": 2658.2465330648097, "fx": 2658.3501522463116}, {"id": 57, "img_name": "cupnoodle0058", "width": 1934, "height": 1078, "position": [1.1094301375781626, -0.9028329932241518, 3.5098650926277455], "rotation": [[-0.9128518836089645, -0.2801484753847834, -0.2970156062080687], [-0.35317800750991896, 0.9068045426694304, 0.23015389721968363], [0.20485783754323086, 0.31499579859684873, -0.9267205151842947]], "fy": 2658.2465330648097, "fx": 2658.3501522463116}, {"id": 58, "img_name": "cupnoodle0059", "width": 1934, "height": 1078, "position": [0.48462733702739325, 0.458212542269181, 3.354887900464668], "rotation": [[-0.9290736089808046, -0.33944617245275815, -0.14696436677832794], [-0.3194689495328342, 0.9366305489432708, -0.14374562626603532], [0.18644521817351586, -0.08659971589676083, -0.9786412365248207]], "fy": 2658.2465330648097, "fx": 2658.3501522463116}, {"id": 59, "img_name": "cupnoodle0060", "width": 1934, "height": 1078, "position": [0.3482575496197548, -2.9345406285707334, -2.0642811570192543], "rotation": [[-0.9725602638084866, 0.21153912501907277, -0.09683868982452648], [-0.19848175255015954, -0.5372762813226458, 0.8197189710094097], [0.12137350273178646, 0.8164468115647666, 0.5645202181679089]], "fy": 2658.2465330648097, "fx": 2658.3501522463116}, {"id": 60, "img_name": "cupnoodle0061", "width": 1934, "height": 1078, "position": [-1.9468923066312251, 0.6436870227935002, -3.231179513413227], "rotation": [[0.7020961844275291, -0.4733038994622757, 0.5320191411651551], [0.6279265096499398, 0.7638550882051182, -0.1491097002277021], [-0.3358113254360984, 0.43875827396979683, 0.8334998084774198]], "fy": 2658.2465330648097, "fx": 2658.3501522463116}, {"id": 61, "img_name": "cupnoodle0062", "width": 1934, "height": 1078, "position": [1.097765214304263, -3.047290474483123, 1.547588363328501], "rotation": [[-0.955399755523448, 0.02327019328622419, -0.29439735944834433], [-0.2533646242403999, 0.4475547394782178, 0.8576136206673176], [0.151715768228806, 0.8939537198731298, -0.4216978449028841]], "fy": 2658.2465330648097, "fx": 2658.3501522463116}, {"id": 62, "img_name": "cupnoodle0063", "width": 1934, "height": 1078, "position": [0.7940892645479234, -1.0022857938281893, 3.566494191886132], "rotation": [[-0.9566937571603716, -0.19678340955344203, -0.21450721371295237], [-0.24973362972091107, 0.9334562452944343, 0.257473401164539], [0.14956660455058418, 0.29989286061081716, -0.9421751975921835]], "fy": 2658.2465330648097, "fx": 2658.3501522463116}, {"id": 63, "img_name": "cupnoodle0064", "width": 1934, "height": 1078, "position": [0.33362723958454577, 0.4190556016412393, 3.377131731781783], "rotation": [[-0.9679417786308733, -0.22868785163118063, -0.10387771511357072], [-0.21460868639696545, 0.9678704601692003, -0.1310339042188295], [0.1305060339749468, -0.1045401303240797, -0.9859206541339693]], "fy": 2658.2465330648097, "fx": 2658.3501522463116}, {"id": 64, "img_name": "cupnoodle0065", "width": 1934, "height": 1078, "position": [0.1443415993201847, -2.961736551631362, -2.0476553966229702], "rotation": [[-0.99392878198312, 0.10285496358066305, -0.039069589355036134], [-0.08984126650460496, -0.5537136829897736, 0.8278464254333338], [0.06351474772365252, 0.826330450689505, 0.5595925866957856]], "fy": 2658.2465330648097, "fx": 2658.3501522463116}, {"id": 65, "img_name": "cupnoodle0066", "width": 1934, "height": 1078, "position": [-1.6699923223692101, 0.8408242473932857, -3.340784223071787], "rotation": [[0.7854379744620614, -0.4115830285958544, 0.4622624783008009], [0.5454731567215987, 0.8132367059756783, -0.20274391569169825], [-0.2924828602997251, 0.4113945437480818, 0.8632544849609524]], "fy": 2658.2465330648097, "fx": 2658.3501522463116}, {"id": 66, "img_name": "cupnoodle0067", "width": 1934, "height": 1078, "position": [0.6649315662433365, -3.1422120342221516, 1.5994464993372184], "rotation": [[-0.9846445718517088, 0.01980224896453779, -0.1734443370621009], [-0.1466279759854315, 0.44537408840925885, 0.8832565641035665], [0.09473807989072247, 0.8951255734865184, -0.43563161490994995]], "fy": 2658.2465330648097, "fx": 2658.3501522463116}, {"id": 67, "img_name": "cupnoodle0068", "width": 1934, "height": 1078, "position": [0.46899847694788227, -1.0641519038929157, 3.6028145039767927], "rotation": [[-0.9854438613550367, -0.11029408120671558, -0.1293661925251011], [-0.14252203754986678, 0.9508168756300467, 0.27501770457508895], [0.09267073394718237, 0.2894520420862201, -0.9526959905456763]], "fy": 2658.2465330648097, "fx": 2658.3501522463116}, {"id": 68, "img_name": "cupnoodle0069", "width": 1934, "height": 1078, "position": [0.17847091826010358, 0.3956773482893626, 3.390522834471727], "rotation": [[-0.9916791882899013, -0.11421897720061165, -0.05938360682822422], [-0.10629628219996454, 0.9867253328152743, -0.12277710686871512], [0.07261878478154576, -0.11544324505068516, -0.9906560297444413]], "fy": 2658.2465330648097, "fx": 2658.3501522463116}, {"id": 69, "img_name": "cupnoodle0070", "width": 1934, "height": 1078, "position": [-0.06274482084911517, -2.96607698841965, -2.0438542506999853], "rotation": [[-0.9997796849259991, -0.007350565064529052, 0.019660895261940287], [0.02041497741777524, -0.558274507644498, 0.8294050896946099], [0.00487958054555798, 0.8296237359836833, 0.5583015729748347]], "fy": 2658.2465330648097, "fx": 2658.3501522463116}, {"id": 70, "img_name": "cupnoodle0071", "width": 1934, "height": 1078, "position": [-1.367842140455032, 1.0071380517772326, -3.4325218039816088], "rotation": [[0.8564673061285826, -0.34316221136823466, 0.38562086331228485], [0.4546299404962455, 0.8552738216178725, -0.2486328764655627], [-0.2444900217539135, 0.388260720063236, 0.8885258817382578]], "fy": 2658.2465330648097, "fx": 2658.3501522463116}, {"id": 71, "img_name": "cupnoodle0072", "width": 1934, "height": 1078, "position": [0.21846238449584746, -3.1861210359835215, 1.6322235719036775], "rotation": [[-0.9986858749817252, 0.015958701676665278, -0.04870157033177115], [-0.03650075613945981, 0.4455744155255185, 0.8945004947065933], [0.03597524028040589, 0.8951026533699291, -0.44440637036037073]], "fy": 2658.2465330648097, "fx": 2658.3501522463116}, {"id": 72, "img_name": "cupnoodle0073", "width": 1934, "height": 1078, "position": [0.1375569854759935, -1.0915664123767082, 3.6197738401743487], "rotation": [[-0.9988611177006518, -0.022009419436573984, -0.042332646998143625], [-0.03313331823324767, 0.9583958952979859, 0.2835127706097673], [0.0343314836361439, 0.284592503998326, -0.958033640275384]], "fy": 2658.2465330648097, "fx": 2658.3501522463116}, {"id": 73, "img_name": "cupnoodle0074", "width": 1934, "height": 1078, "position": [0.02222560168997512, 0.38939936854210755, 3.395810006954188], "rotation": [[-0.9998943210246317, 0.0018864272670398158, -0.014414859515677347], [0.0035946268320381867, 0.9928380902284756, -0.11941358904836531], [0.014086356542020942, -0.11945278558342479, -0.9927399491184644]], "fy": 2658.2465330648097, "fx": 2658.3501522463116}, {"id": 74, "img_name": "cupnoodle0075", "width": 1934, "height": 1078, "position": [-0.26901875365126116, -2.9472815332591646, -2.0521810448629654], "rotation": [[-0.9899976528856654, -0.11740792770374618, 0.07823059371616954], [0.1304563636131607, -0.550670447019969, 0.8244654001058247], [-0.053719498077544156, 0.8264244897697182, 0.5604790613708578]], "fy": 2658.2465330648097, "fx": 2658.3501522463116}, {"id": 75, "img_name": "cupnoodle0076", "width": 1934, "height": 1078, "position": [-1.0436184605566077, 1.1386201235536137, -3.5061538832068027], "rotation": [[0.9141701218628543, -0.26940568428792366, 0.3028424764900226], [0.3567532578053209, 0.889452838103621, -0.2856584706160556], [-0.19240608446341953, 0.36918047898388295, 0.9092225649414373]], "fy": 2658.2465330648097, "fx": 2658.3501522463116}, {"id": 76, "img_name": "cupnoodle0077", "width": 1934, "height": 1078, "position": [-0.2274351094508365, -3.1821135657114223, 1.6332655810429735], "rotation": [[-0.997065014867962, 0.01205502539433806, 0.07560444754835788], [0.07306702386135841, 0.44469829066403405, 0.8926951553047267], [-0.022859705824752323, 0.8955993002695057, -0.4442739326208295]], "fy": 2658.2465330648097, "fx": 2658.3501522463116}, {"id": 77, "img_name": "cupnoodle0078", "width": 1934, "height": 1078, "position": [-0.19737400705329847, -1.0832274930626873, 3.618339488534571], "rotation": [[-0.9966948356487761, 0.06703823239837199, 0.04588333017513472], [0.07731703858234268, 0.9561339702534409, 0.2825418667600412], [-0.02492950332267157, 0.285155582663735, -0.958156987940802]], "fy": 2658.2465330648097, "fx": 2658.3501522463116}, {"id": 78, "img_name": "cupnoodle0079", "width": 1934, "height": 1078, "position": [-0.1337675777315649, 0.40163781796917325, 3.3907575056277546], "rotation": [[-0.9925234056419036, 0.11812521397775877, 0.03072007610188341], [0.11359850081455775, 0.9860749383762575, -0.12145615060154452], [-0.044639330927800966, -0.11705831764111785, -0.9921213032716053]], "fy": 2658.2465330648097, "fx": 2658.3501522463116}, {"id": 79, "img_name": "cupnoodle0080", "width": 1934, "height": 1078, "position": [-0.4709029444618971, -2.906403734425024, -2.0724072334767634], "rotation": [[-0.9647597306776882, -0.22551282793247684, 0.1355825449702568], [0.23838879479948297, -0.5309409643097568, 0.8131866175312256], [-0.111397686586233, 0.8168510616114315, 0.5659901929958794]], "fy": 2658.2465330648097, "fx": 2658.3501522463116}, {"id": 80, "img_name": "cupnoodle0081", "width": 1934, "height": 1078, "position": [-0.7036352778925649, 1.2331545718125494, -3.561031748768535], "rotation": [[0.9576010709161981, -0.19117287936813082, 0.21552985680468634], [0.25321231218661194, 0.9153303919924218, -0.31313543148629663], [-0.1374180262456867, 0.35443363791984744, 0.9249286904262631]], "fy": 2658.2465330648097, "fx": 2658.3501522463116}, {"id": 81, "img_name": "cupnoodle0082", "width": 1934, "height": 1078, "position": [-0.6704271699431402, -3.1270817958079857, 1.611447277678066], "rotation": [[-0.9799504147363355, 0.008430732975039454, 0.19906307392278286], [0.18191927384176368, 0.4453228191136803, 0.8766943393119004], [-0.08125615338526132, 0.8953303912624364, -0.43792799410277794]], "fy": 2658.2465330648097, "fx": 2658.3501522463116}, {"id": 82, "img_name": "cupnoodle0083", "width": 1934, "height": 1078, "position": [-0.5274987962138532, -1.0381591733142046, 3.597194035628469], "rotation": [[-0.9789733024248015, 0.1547183337899325, 0.13294175539966566], [0.1861378422814793, 0.9441537350997666, 0.27189414882993507], [-0.08345044523711438, 0.2909226042892281, -0.9531002368603734]], "fy": 2658.2465330648097, "fx": 2658.3501522463116}, {"id": 83, "img_name": "cupnoodle0084", "width": 1934, "height": 1078, "position": [-0.2869558283885176, 0.43049793628551336, 3.376777348457519], "rotation": [[-0.9697336901476525, 0.23228871824723538, 0.07522314515940631], [0.22159611263554188, 0.9666561570316795, -0.12833953770199383], [-0.10252674313286676, -0.10778601694005475, -0.9888733192349592]], "fy": 2658.2465330648097, "fx": 2658.3501522463116}, {"id": 84, "img_name": "cupnoodle0085", "width": 1934, "height": 1078, "position": [-0.6652915458254504, -2.8430481345811747, -2.1050416465992825], "rotation": [[-0.9244439994811802, -0.33011664384238393, 0.1908567349649481], [0.34268139793937175, -0.499690725565127, 0.7955366982676003], [-0.1672505645119254, 0.8008321798244858, 0.5750609258400405]], "fy": 2658.2465330648097, "fx": 2658.3501522463116}, {"id": 85, "img_name": "cupnoodle0086", "width": 1934, "height": 1078, "position": [-0.3534033235185968, 1.2894882903009686, -3.5951918539030863], "rotation": [[0.9860207305523425, -0.11001466621684901, 0.12513949072223418], [0.14600871450823713, 0.9323343998047259, -0.33080813506988266], [-0.08027810541285182, 0.3444551351888326, 0.9353641460059103]], "fy": 2658.2465330648097, "fx": 2658.3501522463116}, {"id": 86, "img_name": "cupnoodle0087", "width": 1934, "height": 1078, "position": [-1.1053985753162001, -3.0272281630818023, 1.555123522624921], "rotation": [[-0.9473184672362074, 0.003961365518594437, 0.3202686828531165], [0.2886420053712225, 0.44396918537260893, 0.8482789371279125], [-0.1388290832949681, 0.8960332973850971, -0.42172362467458285]], "fy": 2658.2465330648097, "fx": 2658.3501522463116}, {"id": 87, "img_name": "cupnoodle0088", "width": 1934, "height": 1078, "position": [-0.8473602823449546, -0.9558504000899798, 3.5569535429466783], "rotation": [[-0.946034131058437, 0.24028825575648233, 0.21744189342906095], [0.2921554108182241, 0.9227345434078643, 0.25140838954083256], [-0.14023066284569313, 0.30136774304392233, -0.9431398860457922]], "fy": 2658.2465330648097, "fx": 2658.3501522463116}, {"id": 88, "img_name": "cupnoodle0089", "width": 1934, "height": 1078, "position": [-0.434707252207003, 0.4769646882219613, 3.3531407685142356], "rotation": [[-0.9318807216197962, 0.34289358640467194, 0.11841583118784758], [0.32614136883326983, 0.9348375172788717, -0.14039452917915388], [-0.15883994525599687, -0.09221065388780748, -0.9829888438332625]], "fy": 2658.2465330648097, "fx": 2658.3501522463116}, {"id": 89, "img_name": "cupnoodle0090", "width": 1934, "height": 1078, "position": [-0.8494111934582883, -2.7600255833811227, -2.1470760151143353], "rotation": [[-0.8697079907313034, -0.42945557355539415, 0.2432610145508854], [0.4415216147140029, -0.45665199398322803, 0.7723520053262511], [-0.22060524608099907, 0.7791257066310604, 0.5867678064347025]], "fy": 2658.2465330648097, "fx": 2658.3501522463116}, {"id": 90, "img_name": "cupnoodle0091", "width": 1934, "height": 1078, "position": [0.003200696267223156, 1.3074107411380105, -3.6079031678435425], "rotation": [[0.999100235628679, -0.027014343780188157, 0.03269471512101049], [0.036502638246067524, 0.940223967719743, -0.33859481379138184], [-0.02159343807259398, 0.33948360160023866, 0.9403640825109898]], "fy": 2658.2465330648097, "fx": 2658.3501522463116}, {"id": 91, "img_name": "cupnoodle0092", "width": 1934, "height": 1078, "position": [-1.5215875347774417, -2.878746158737739, 1.4770454548992453], "rotation": [[-0.8998716462592503, -0.00012387579310860382, 0.43615479466979873], [0.39073879416653107, 0.4440836627199772, 0.8062957864447108], [-0.19378909925986978, 0.8959853152591271, -0.3995698935706379]], "fy": 2658.2465330648097, "fx": 2658.3501522463116}, {"id": 92, "img_name": "cupnoodle0093", "width": 1934, "height": 1078, "position": [-1.1547102407153498, -0.8402970117947891, 3.4974535736830754], "rotation": [[-0.8982691661564353, 0.3221848282823687, 0.2988468530155242], [0.3938225954991122, 0.8919366939756876, 0.22215466957519384], [-0.19497761001449468, 0.31724733310838327, -0.9280828956664664]], "fy": 2658.2465330648097, "fx": 2658.3501522463116}, {"id": 93, "img_name": "cupnoodle0094", "width": 1934, "height": 1078, "position": [-0.5756056091168239, 0.5382301483068588, 3.3217165786010243], "rotation": [[-0.8794805759467061, 0.44830338368790873, 0.15980610972807388], [0.42577348230705914, 0.8911518897453653, -0.15673305703451537], [-0.21267547648135146, -0.06980247543773754, -0.974626470052088]], "fy": 2658.2465330648097, "fx": 2658.3501522463116}, {"id": 94, "img_name": "cupnoodle0095", "width": 1934, "height": 1078, "position": [-1.0207033230757268, -2.6563484784382276, -2.2003837177068153], "rotation": [[-0.8013120334097736, -0.5220727672347627, 0.2921284834187356], [0.5337163215678532, -0.4032506147579005, 0.7433275386997676], [-0.2702700745638945, 0.7515510411204366, 0.6017683270046826]], "fy": 2658.2465330648097, "fx": 2658.3501522463116}, {"id": 95, "img_name": "cupnoodle0096", "width": 1934, "height": 1078, "position": [0.35951059049378414, 1.28691650667732, -3.5997893089072868], "rotation": [[0.9965758819380007, 0.056764380124762925, -0.06011918735767545], [-0.07376694568681243, 0.9388398871300122, -0.3363600809515675], [0.03734901957929727, 0.3396431531515946, 0.9398125234607739]], "fy": 2658.2465330648097, "fx": 2658.3501522463116}, {"id": 96, "img_name": "cupnoodle0097", "width": 1934, "height": 1078, "position": [-1.9094453167375962, -2.6871384814553343, 1.380593606522502], "rotation": [[-0.8392179624455813, -0.0034693941705473304, 0.5437841251937905], [0.48549054223504035, 0.44569973586377687, 0.7520975195087973], [-0.24497376371565435, 0.8951757976816893, -0.3723548661370465]], "fy": 2658.2465330648097, "fx": 2658.3501522463116}, {"id": 97, "img_name": "cupnoodle0098", "width": 1934, "height": 1078, "position": [-1.4434831927192635, -0.6912593589684781, 3.4218597819732657], "rotation": [[-0.8365503601888011, 0.3991031887627721, 0.37536667351720715], [0.4892649489441266, 0.8525118481129252, 0.18396564505848895], [-0.24658326099451203, 0.3375502829897672, -0.908436294877544]], "fy": 2658.2465330648097, "fx": 2658.3501522463116}, {"id": 98, "img_name": "cupnoodle0099", "width": 1934, "height": 1078, "position": [-0.7057050896925567, 0.6146762358833987, 3.281417423016503], "rotation": [[-0.8135271289558511, 0.5466763454910201, 0.19828914174364756], 