[{"id": 0, "img_name": "0001", "width": 1057, "height": 1882, "position": [-2.126282739223604, 1.3599208819435304, -3.550579407226887], "rotation": [[0.9209992573414295, -0.09515177360095316, 0.37776514920930476], [0.09722262862142925, 0.9951692800468808, 0.013633214401344566], [-0.3772374960955962, 0.024171140468880213, 0.9258010733996578]], "fy": 1675.6737517519023, "fx": 1669.3328573600193}, {"id": 1, "img_name": "0002", "width": 1057, "height": 1882, "position": [-1.7743749711263852, 1.3476133852294991, -3.7485533148935106], "rotation": [[0.9482454424553342, -0.07770510757344111, 0.3078839020145217], [0.07823000478330229, 0.9968783689462783, 0.010657573767617553], [-0.30775094998113683, 0.013979763374522948, 0.9513642409727728]], "fy": 1675.6737517519023, "fx": 1669.3328573600193}, {"id": 2, "img_name": "0003", "width": 1057, "height": 1882, "position": [-1.1125489961549329, 1.370838282934759, -3.9095826994862497], "rotation": [[0.9746150708546519, -0.05198895377742421, 0.2177673353561326], [0.050971167398480795, 0.9986470880724463, 0.01029240392034712], [-0.21800780664237127, 0.0010687233282647365, 0.9759464401663801]], "fy": 1675.6737517519023, "fx": 1669.3328573600193}, {"id": 3, "img_name": "0004", "width": 1057, "height": 1882, "position": [-0.5431362123956417, 1.3706170255955064, -3.923584274886248], "rotation": [[0.9942613945132077, -0.01922926260571041, 0.10523552081066609], [0.017713108837091516, 0.9997256875751579, 0.015323034219856747], [-0.10550130404870292, -0.013371053137961034, 0.994329266280544]], "fy": 1675.6737517519023, "fx": 1669.3328573600193}, {"id": 4, "img_name": "0005", "width": 1057, "height": 1882, "position": [-0.16746758856061567, 1.3269232934250978, -3.8338212695736287], "rotation": [[0.9994432580780904, 0.021862128889027634, -0.025203595035053025], [-0.02121871124791261, 0.9994491048101266, 0.025519662756671654], [0.025747624652171574, -0.02497066708512391, 0.9993565557948247]], "fy": 1675.6737517519023, "fx": 1669.3328573600193}, {"id": 5, "img_name": "0006", "width": 1057, "height": 1882, "position": [0.20532722840881407, 1.1967196537893112, -3.83635538326111], "rotation": [[0.986469785945688, 0.06746647711248732, -0.1494176558586645], [-0.062323236292196015, 0.9972997470574866, 0.038846219084232775], [0.15163500794452175, -0.02900842955251684, 0.9880107971983714]], "fy": 1675.6737517519023, "fx": 1669.3328573600193}, {"id": 6, "img_name": "0007", "width": 1057, "height": 1882, "position": [0.6226533653395696, 1.1598993395806987, -3.6679920245414492], "rotation": [[0.9549304474869252, 0.111003500195673, -0.27529268680212016], [-0.10013134602508725, 0.9935464467327267, 0.0532838786874333], [0.2794307678220586, -0.023316970838470646, 0.9598826828656158]], "fy": 1675.6737517519023, "fx": 1669.3328573600193}, {"id": 7, "img_name": "0008", "width": 1057, "height": 1882, "position": [1.225939630974965, 1.088475807083527, -3.4623552495074295], "rotation": [[0.9115819047319914, 0.14769783275159268, -0.38367144950553334], [-0.13058366070990937, 0.9889318830667401, 0.07043889699356937], [0.3898286014658156, -0.014109601502308814, 0.920779333295797]], "fy": 1675.6737517519023, "fx": 1669.3328573600193}, {"id": 8, "img_name": "0009", "width": 1057, "height": 1882, "position": [1.818675872625623, 0.9960234024950837, -3.349758333115977], "rotation": [[0.8581432975787635, 0.17644101490675707, -0.4821396572356596], [-0.15339499494406952, 0.9843108359579738, 0.08719033055232506], [0.48995923947483083, -0.0008639874931552218, 0.8717449152010335]], "fy": 1675.6737517519023, "fx": 1669.3328573600193}, {"id": 9, "img_name": "0010", "width": 1057, "height": 1882, "position": [2.2599609398239653, 0.834525644463604, -3.12701504191981], "rotation": [[0.7926036545278434, 0.20011667676171055, -0.5759624662345247], [-0.1727958273670061, 0.9796025187151741, 0.10256952457449822], [0.5847401550036209, 0.01822693086440526, 0.8110158630493028]], "fy": 1675.6737517519023, "fx": 1669.3328573600193}, {"id": 10, "img_name": "0011", "width": 1057, "height": 1882, "position": [2.4846360112027153, 0.8342195929187192, -2.8467958130065423], "rotation": [[0.7221186239902637, 0.22347477322398315, -0.6546783321745857], [-0.19262246983258807, 0.9739103901642864, 0.11997973181184109], [0.6644104732783805, 0.039466158446660675, 0.7463250935989365]], "fy": 1675.6737517519023, "fx": 1669.3328573600193}, {"id": 11, "img_name": "0012", "width": 1057, "height": 1882, "position": [2.8037907256066052, 0.8602871920439134, -2.322431159757986], "rotation": [[0.6363263913014361, 0.24783325440474302, -0.7305254285406123], [-0.21007492103964107, 0.9668689846927809, 0.14502721809832622], [0.7422649468238953, 0.06118042538512486, 0.6673078032409144]], "fy": 1675.6737517519023, "fx": 1669.3328573600193}, {"id": 12, "img_name": "0013", "width": 1057, "height": 1882, "position": [2.927934975879006, 0.7376639410686467, -1.9631503910666945], "rotation": [[0.554384193343298, 0.27312444023571364, -0.7861686882069451], [-0.22613434039604755, 0.958513778864489, 0.1735355750863843], [0.8009503269646285, 0.08157435793707295, 0.5931477032429688]], "fy": 1675.6737517519023, "fx": 1669.3328573600193}, {"id": 13, "img_name": "0014", "width": 1057, "height": 1882, "position": [3.02262830983705, 0.6575100311201143, -1.6761665626601818], "rotation": [[0.4550536052113212, 0.30094226428959675, -0.8380691916234778], [-0.23647931651623974, 0.9482067594999939, 0.21208836389234706], [0.8584892248853161, 0.10167445501585445, 0.5026515253662699]], "fy": 1675.6737517519023, "fx": 1669.3328573600193}, {"id": 14, "img_name": "0015", "width": 1057, "height": 1882, "position": [3.2044353839169384, 0.5152458878085248, -1.3514213463272746], "rotation": [[0.35769451587558915, 0.3237873748818659, -0.875908881779171], [-0.24553436547469668, 0.9375727593000572, 0.24631320790695513], [0.9009814141720492, 0.12696084784525832, 0.41486556187631096]], "fy": 1675.6737517519023, "fx": 1669.3328573600193}, {"id": 15, "img_name": "0016", "width": 1057, "height": 1882, "position": [3.3367863037320276, 0.33736399917213694, -0.9259462095371096], "rotation": [[0.2521618592659437, 0.33948073324442923, -0.9061827787413349], [-0.25083631506893356, 0.927367150345249, 0.2776172031830363], [0.9346098329111358, 0.1572990788795575, 0.3190007210171501]], "fy": 1675.6737517519023, "fx": 1669.3328573600193}, {"id": 16, "img_name": "0017", "width": 1057, "height": 1882, "position": [3.4964449937756275, 0.3044845905894511, -0.5800437038408217], "rotation": [[0.15475455551037248, 0.34441377177940596, -0.9259752595817395], [-0.25700103696693066, 0.9190327679785989, 0.2988799731991375], [0.9539399847719504, 0.1917235645148454, 0.2307392040009945]], "fy": 1675.6737517519023, "fx": 1669.3328573600193}, {"id": 17, "img_name": "0018", "width": 1057, "height": 1882, "position": [3.538053271805398, 0.3380126401771216, -0.3270387729125518], "rotation": [[0.06192351586957404, 0.33772432976700395, -0.9392059173928675], [-0.26020986726875184, 0.9139316420481329, 0.3114799811210691], [0.9635643741641389, 0.2251027115488193, 0.14447306356217374]], "fy": 1675.6737517519023, "fx": 1669.3328573600193}, {"id": 18, "img_name": "0019", "width": 1057, "height": 1882, "position": [3.566943294244302, 0.3367098760537524, -0.2424275522248848], "rotation": [[-0.027764582050560576, 0.32866249437782635, -0.9440392432377495], [-0.2566922493121686, 0.9103903742572571, 0.32449723512349227], [0.9660943106791474, 0.25133708689542167, 0.05908850670228605]], "fy": 1675.6737517519023, "fx": 1669.3328573600193}, {"id": 19, "img_name": "0020", "width": 1057, "height": 1882, "position": [3.5271535593777235, 0.27381375345118747, 0.17568694063141627], "rotation": [[-0.12885918178045364, 0.32088401373507813, -0.9383116545157785], [-0.24448338423659993, 0.9067139816943718, 0.343653357661696], [0.9610531650762567, 0.2736844992490528, -0.038387612164658365]], "fy": 1675.6737517519023, "fx": 1669.3328573600193}, {"id": 20, "img_name": "0021", "width": 1057, "height": 1882, "position": [3.416167226107612, 0.1908398939177889, 0.6855219286100613], "rotation": [[-0.2191889915399311, 0.3185401957747598, -0.9222192416467384], [-0.22915801564360808, 0.9019566246413369, 0.36600662716935944], [0.9483895770483729, 0.29155855491030325, -0.12470292380142436]], "fy": 1675.6737517519023, "fx": 1669.3328573600193}, {"id": 21, "img_name": "0022", "width": 1057, "height": 1882, "position": [3.372474844713852, -0.007823637343440472, 1.2118061916290392], "rotation": [[-0.3064716517086591, 0.3137771345972536, -0.8986762690217782], [-0.21259952988704134, 0.8976941348358888, 0.3859361089261462], [0.9278343422135092, 0.3093366290712793, -0.20840893292765164]], "fy": 1675.6737517519023, "fx": 1669.3328573600193}, {"id": 22, "img_name": "0023", "width": 1057, "height": 1882, "position": [3.332034141740674, -0.18118001895126343, 1.5987091128581945], "rotation": [[-0.38174209838058537, 0.30326204714770233, -0.8731008539016396], [-0.2007867404516899, 0.8948702382822946, 0.3986125204949975], [0.9021960181594535, 0.32747425455503176, -0.28071864459072376]], "fy": 1675.6737517519023, "fx": 1669.3328573600193}, {"id": 23, "img_name": "0024", "width": 1057, "height": 1882, "position": [3.2450185016561037, -0.3266443634337357, 1.8009405568967847], "rotation": [[-0.44368180114117345, 0.2895192823645671, -0.8481303228132042], [-0.1959562270779306, 0.8921377105248799, 0.4070521619262182], [0.8744984942271236, 0.34679805449069595, -0.33909216003317094]], "fy": 1675.6737517519023, "fx": 1669.3328573600193}, {"id": 24, "img_name": "0025", "width": 1057, "height": 1882, "position": [3.19679939251473, -0.303940818182274, 1.907456157598096], "rotation": [[-0.5195445569786424, 0.27349400794559897, -0.8094902599362874], [-0.18547426651141263, 0.8887010771305924, 0.4192966634364959], [0.8340699909335662, 0.367982911457553, -0.41099370688527953]], "fy": 1675.6737517519023, "fx": 1669.3328573600193}, {"id": 25, "img_name": "0026", "width": 1057, "height": 1882, "position": [3.009421763122817, -0.37643781125172665, 2.2312425080220963], "rotation": [[-0.6115283159601471, 0.2608154803991209, -0.7469996010461599], [-0.16331399658693704, 0.8821699152721635, 0.44170666636072636], [0.7741845111455977, 0.39211162412364153, -0.4968770642013693]], "fy": 1675.6737517519023, "fx": 1669.3328573600193}, {"id": 26, "img_name": "0027", "width": 1057, "height": 1882, "position": [2.730437089729949, -0.5958387234314008, 2.501571962791292], "rotation": [[-0.701798100530545, 0.24228973202555346, -0.6699067934024135], [-0.13891110793843983, 0.8757878868383678, 0.4622761959678446], [0.6987010306154082, 0.4174820511377363, -0.5809695403330492]], "fy": 1675.6737517519023, "fx": 1669.3328573600193}, {"id": 27, "img_name": "0028", "width": 1057, "height": 1882, "position": [2.479821914217577, -0.7141205610874807, 2.8202996409740964], "rotation": [[-0.7902432416582629, 0.21784949182756738, -0.5727627937671151], [-0.1064592718418918, 0.8716564524472548, 0.47841556448966066], [0.6034749725152936, 0.43904057650465184, -0.665628522323171]], "fy": 1675.6737517519023, "fx": 1669.3328573600193}, {"id": 28, "img_name": "0029", "width": 1057, "height": 1882, "position": [2.1468378040101586, -0.7837023382387993, 3.2751102941710393], "rotation": [[-0.8494186238069384, 0.19009176837049235, -0.4922937346013108], [-0.08469754160137428, 0.8716687318832872, 0.48272139822434396], [0.5208784195727542, 0.4517286148283738, -0.7243113491922023]], "fy": 1675.6737517519023, "fx": 1669.3328573600193}, {"id": 29, "img_name": "0030", "width": 1057, "height": 1882, "position": [1.7265670931327646, -0.6890775808246696, 3.5047593302897435], "rotation": [[-0.894533629221682, 0.16589125783536218, -0.41507791649916415], [-0.061685974662103064, 0.8738869659909161, 0.4821995553722316], [0.4427238718676372, 0.4569482041161699, -0.7714881152898821]], "fy": 1675.6737517519023, "fx": 1669.3328573600193}, {"id": 30, "img_name": "0031", "width": 1057, "height": 1882, "position": [1.2004838512144038, -0.6751190145562231, 3.6747059614454227], "rotation": [[-0.9301694909540665, 0.1476052452069165, -0.33615087339713673], [-0.036506613351708045, 0.8738918410201102, 0.48474768424415515], [0.3653108064098853, 0.46316923665749693, -0.8074789612951349]], "fy": 1675.6737517519023, "fx": 1669.3328573600193}, {"id": 31, "img_name": "0032", "width": 1057, "height": 1882, "position": [0.7620187124872496, -0.6755510694735347, 3.8797283338664346], "rotation": [[-0.9627135080634317, 0.13185132493048934, -0.23621585363026484], [-0.0010602356964256247, 0.8713364189211861, 0.490684950820658], [0.2705209368837617, 0.4726394748385688, -0.8387075470817303]], "fy": 1675.6737517519023, "fx": 1669.3328573600193}, {"id": 32, "img_name": "0033", "width": 1057, "height": 1882, "position": [0.5740475825838308, -0.7268731710130033, 3.898518118785867], "rotation": [[-0.9834091334848432, 0.11468173606670183, -0.14055097150613102], [0.0300614673134206, 0.8671217184544905, 0.49718832806844504], [0.17889322055783458, 0.4847143744487663, -0.856182919031434]], "fy": 1675.6737517519023, "fx": 1669.3328573600193}, {"id": 33, "img_name": "0034", "width": 1057, "height": 1882, "position": [0.4545070699038921, -0.7508328340975227, 3.9402779886906383], "rotation": [[-0.9946154841795001, 0.09396975737083497, -0.0437003813489482], [0.05915224697100444, 0.861006994300252, 0.5051415320920732], [0.08509436120365664, 0.49983661377065225, -0.8619294108136861]], "fy": 1675.6737517519023, "fx": 1669.3328573600193}, {"id": 34, "img_name": "0035", "width": 1057, "height": 1882, "position": [0.04594172157809939, -0.7715972699177498, 4.045379573924933], "rotation": [[-0.9959711515447768, 0.06825512792729299, 0.058161007575519], [0.088486683798744, 0.8532423776444573, 0.5139528692223969], [-0.014545517552559145, 0.5170287056859241, -0.8558444633318989]], "fy": 1675.6737517519023, "fx": 1669.3328573600193}, {"id": 35, "img_name": "0036", "width": 1057, "height": 1882, "position": [-0.41732999698797474, -0.8033948216663472, 4.2007767607259705], "rotation": [[-0.9897061348843562, 0.037572149481111775, 0.13809453340243694], [0.10548495320375355, 0.8436261609293496, 0.5264673069082344], [-0.09671965270755317, 0.5356148188567751, -0.8389052834504942]], "fy": 1675.6737517519023, "fx": 1669.3328573600193}, {"id": 36, "img_name": "0037", "width": 1057, "height": 1882, "position": [-0.6740765804711369, -0.8067513492991059, 4.1867207001434945], "rotation": [[-0.9745911941813731, -0.0004827929628874194, 0.22399056037047668], [0.12421750193794134, 0.8309738654908229, 0.5422660298078219], [-0.1863921040077146, 0.5563112454212973, -0.8097998405664095]], "fy": 1675.6737517519023, "fx": 1669.3328573600193}, {"id": 37, "img_name": "0038", "width": 1057, "height": 1882, "position": [-1.058719152397464, -0.7307310343579528, 4.1312608655769205], "rotation": [[-0.9514693470288237, -0.03892657010080682, 0.3052716885083359], [0.14155886555086675, 0.8254317704501364, 0.546464527591229], [-0.2732529400546225, 0.5631581611516789, -0.7798626265437805]], "fy": 1675.6737517519023, "fx": 1669.3328573600193}, {"id": 38, "img_name": "0039", "width": 1057, "height": 1882, "position": [-1.455096886517154, -0.751613927577609, 3.997375100020713], "rotation": [[-0.9241486744814601, -0.07259677618547666, 0.3750719071613283], [0.15702342657420137, 0.8228343010124469, 0.5461568974060972], [-0.3482712606016417, 0.5636252488709441, -0.7490218340436477]], "fy": 1675.6737517519023, "fx": 1669.3328573600193}, {"id": 39, "img_name": "0040", "width": 1057, "height": 1882, "position": [-1.625092765069328, -0.7454924914452113, 3.8686384607304234], "rotation": [[-0.8931638229302324, -0.09516294503688602, 0.43954794880713316], [0.17534466821110173, 0.8263249115513726, 0.5352021934554779], [-0.414140836840066, 0.5550956263937978, -0.7213572019602261]], "fy": 1675.6737517519023, "fx": 1669.3328573600193}, {"id": 40, "img_name": "0041", "width": 1057, "height": 1882, "position": [-1.9428283110963698, -0.7804632077568773, 3.768344030422383], "rotation": [[-0.8515653547004458, -0.1092984165385215, 0.5127282933641121], [0.20319120187311956, 0.8327650029193849, 0.5149910537029103], [-0.48326988542144883, 0.5427304174770827, -0.6869453484738729]], "fy": 1675.6737517519023, "fx": 1669.3328573600193}, {"id": 41, "img_name": "0042", "width": 1057, "height": 1882, "position": [-2.4095181212547283, -0.8087281134454114, 3.5260383882816906], "rotation": [[-0.7989278215013088, -0.12542754895000416, 0.5882025722449427], [0.22931906152479503, 0.8405982041487596, 0.4907213335522182], [-0.5559919999897119, 0.5269369878327715, -0.6428143641839106]], "fy": 1675.6737517519023, "fx": 1669.3328573600193}, {"id": 42, "img_name": "0043", "width": 1057, "height": 1882, "position": [-2.925582190011831, -0.7782971732019257, 3.352633640096119], "rotation": [[-0.7340692144842021, -0.14813625461892266, 0.662720181082501], [0.2501095937753336, 0.8483342941882368, 0.46666274375150585], [-0.6313379280924623, 0.5083154290119705, -0.5856857904886311]], "fy": 1675.6737517519023, "fx": 1669.3328573600193}, {"id": 43, "img_name": "0044", "width": 1057, "height": 1882, "position": [-3.2833799200957743, -0.6659325008121127, 3.0440277328266303], "rotation": [[-0.6596633184204862, -0.17604195740320966, 0.7306528146555783], [0.26309938761411816, 0.8565721590243704, 0.44391761467799906], [-0.7040049847604405, 0.48507047489821004, -0.5187327017014416]], "fy": 1675.6737517519023, "fx": 1669.3328573600193}, {"id": 44, "img_name": "0045", "width": 1057, "height": 1882, "position": [-3.624509669610696, -0.5435100708844209, 2.748248864399592], "rotation": [[-0.5727341751066697, -0.2038031634417466, 0.7940024151323587], [0.27739946344113925, 0.863271107691992, 0.42167823314324504], [-0.7713787022905478, 0.4617653789484196, -0.4378899775710467]], "fy": 1675.6737517519023, "fx": 1669.3328573600193}, {"id": 45, "img_name": "0046", "width": 1057, "height": 1882, "position": [-3.903228720211827, -0.5093130081111216, 2.369343199554625], "rotation": [[-0.493282846917399, -0.2282593617884361, 0.8393865001851064], [0.28713918033143626, 0.8681417274096034, 0.40482222301753784], [-0.8211109084987587, 0.44071261030994574, -0.36269721677748934]], "fy": 1675.6737517519023, "fx": 1669.3328573600193}, {"id": 46, "img_name": "0047", "width": 1057, "height": 1882, "position": [-4.057430454446351, -0.411388039933346, 2.014255369908849], "rotation": [[-0.3981757497008131, -0.2481732398692479, 0.8831002861300611], [0.30439269116149137, 0.8724124570806486, 0.3824154734029078], [-0.8653329774818823, 0.4210778404800066, -0.271831363788349]], "fy": 1675.6737517519023, "fx": 1669.3328573600193}, {"id": 47, "img_name": "0048", "width": 1057, "height": 1882, "position": [-4.342737386030626, -0.2586615972461443, 1.506354076515003], "rotation": [[-0.3039145493774924, -0.2626100301227818, 0.9157903246680361], [0.321066193750326, 0.8767947516540703, 0.3579769024707536], [-0.8969684754256158, 0.4028237028164913, -0.18215547903331708]], "fy": 1675.6737517519023, "fx": 1669.3328573600193}, {"id": 48, "img_name": "0049", "width": 1057, "height": 1882, "position": [-4.603303195726513, -0.1326705791445763, 1.0934759450527003], "rotation": [[-0.19956785195828647, -0.2756639479539847, 0.9403095555524138], [0.3373755488981503, 0.881611411155645, 0.33005917458211004], [-0.919973049317439, 0.3831066529291482, -0.08293901983383907]], "fy": 1675.6737517519023, "fx": 1669.3328573600193}, {"id": 49, "img_name": "0050", "width": 1057, "height": 1882, "position": [-4.623434949419443, 0.0976399203702455, 0.7332260906529475], "rotation": [[-0.10288279618733565, -0.28637987607039705, 0.9525763469825286], [0.3466558584519447, 0.8872965773203243, 0.30419483834638406], [-0.9323330124207871, 0.3615125868590767, 0.007987708860377618]], "fy": 1675.6737517519023, "fx": 1669.3328573600193}, {"id": 50, "img_name": "0051", "width": 1057, "height": 1882, "position": [-4.615544586371394, 0.22811245353716084, 0.2961709979201976], "rotation": [[-0.014548287152613602, -0.29596367284878977, 0.9550883999372932], [0.3492989870381828, 0.893505883558598, 0.2822010873477787], [-0.9368983749559093, 0.3377169530835309, 0.09038083095962232]], "fy": 1675.6737517519023, "fx": 1669.3328573600193}, {"id": 51, "img_name": "0052", "width": 1057, "height": 1882, "position": [-4.670986261434698, 0.27887147837615134, -0.058951234796180634], "rotation": [[0.06207642688529841, -0.3018493894068427, 0.951332467300402], [0.3406642254928037, 0.9023372420442269, 0.26407458622405555], [-0.9381334674205705, 0.3076921314150465, 0.15884316028939807]], "fy": 1675.6737517519023, "fx": 1669.3328573600193}, {"id": 52, "img_name": "0053", "width": 1057, "height": 1882, "position": [-4.655765010910284, 0.3496118494534137, -0.3092924340075308], "rotation": [[0.15477032342611854, -0.3003650562514522, 0.9411838183743048], [0.3288739968616184, 0.913993871183689, 0.23760702352186092], [-0.9316050886372609, 0.27275636825144145, 0.24024138361956962]], "fy": 1675.6737517519023, "fx": 1669.3328573600193}, {"id": 53, "img_name": "0054", "width": 1057, "height": 1882, "position": [-4.653717667512663, 0.4812586644409185, -0.7841548903554298], "rotation": [[0.23638565967697553, -0.29191476581890313, 0.9267726740662869], [0.3107526826966541, 0.9264223226697599, 0.21254281981755982], [-0.9206272807688863, 0.23775502004387214, 0.3097062484807568]], "fy": 1675.6737517519023, "fx": 1669.3328573600193}, {"id": 54, "img_name": "0055", "width": 1057, "height": 1882, "position": [-4.615598391596146, 0.5989932794637486, -1.2656468560648788], "rotation": [[0.3201650264085939, -0.27838823450484856, 0.9055353923254782], [0.29167586991246974, 0.9383850424523268, 0.18536099647053247], [-0.9013431881229191, 0.20477671496295216, 0.3816372023707771]], "fy": 1675.6737517519023, "fx": 1669.3328573600193}, {"id": 55, "img_name": "0056", "width": 1057, "height": 1882, "position": [-4.464298245588588, 0.7752128860638553, -1.5503270096106596], "rotation": [[0.4118393592354612, -0.2624432252144373, 0.8726464895497882], [0.27577643895395987, 0.9486193485114142, 0.15514086292029208], [-0.868525012824845, 0.176762227777385, 0.4630544427265312]], "fy": 1675.6737517519023, "fx": 1669.3328573600193}, {"id": 56, "img_name": "0057", "width": 1057, "height": 1882, "position": [-4.149110724657913, 0.8788499286483286, -2.01471806817451], "rotation": [[0.5060522068182398, -0.24417371021309098, 0.827218449513285], [0.2580810761509084, 0.9580157084062497, 0.12490020248046221], [-0.8229856147632099, 0.1502834045649916, 0.5478225773050764]], "fy": 1675.6737517519023, "fx": 1669.3328573600193}, {"id": 57, "img_name": "0058", "width": 1057, "height": 1882, "position": [-3.900062897662494, 0.9546536161944741, -2.556112678507178], "rotation": [[0.5987808219783773, -0.2234384479798132, 0.769114287473111], [0.2387886970638198, 0.9664276098233918, 0.0948558544614347], [-0.7644877274263217, 0.1268579320949931, 0.6320328944597108]], "fy": 1675.6737517519023, "fx": 1669.3328573600193}, {"id": 58, "img_name": "0059", "width": 1057, "height": 1882, "position": [-3.4872802977980175, 1.0294413641994085, -3.110069099862045], "rotation": [[0.6948467689140174, -0.19728966122934127, 0.69156688563129], [0.21428832046727803, 0.9747513688083834, 0.06277168722836692], [-0.6864899732997293, 0.10457800236280326, 0.7195797092614149]], "fy": 1675.6737517519023, "fx": 1669.3328573600193}, {"id": 59, "img_name": "0060", "width": 1057, "height": 1882, "position": [-3.1014509150275984, 1.1800434197690577, -3.6415482375667296], "rotation": [[0.7662723965701664, -0.17040610857915742, 0.6195065555855904], [0.18521640469373427, 0.9818430260377258, 0.04097750179560193], [-0.6152410078066486, 0.08334284840338793, 0.7839212153865138]], "fy": 1675.6737517519023, "fx": 1669.3328573600193}, {"id": 60, "img_name": "0061", "width": 1057, "height": 1882, "position": [-2.66950534289791, 1.3572785589482974, -3.7086592994132546], "rotation": [[0.8345432917283739, -0.14923263373451204, 0.5303462220661432], [0.1604394961181724, 0.9867242725815367, 0.025186861332531733], [-0.5270641918367411, 0.06406895447171125, 0.8474069310292338]], "fy": 1675.6737517519023, "fx": 1669.3328573600193}, {"id": 61, "img_name": "0062", "width": 1057, "height": 1882, "position": [-2.221303726647624, 1.4167673329905912, -3.9852285370408715], "rotation": [[0.879747547746221, -0.12741564672197703, 0.45804967547737757], [0.1352504934125146, 0.9906852659916271, 0.01581163428526103], [-0.45579771419587223, 0.04804119812743907, 0.8887859624320685]], "fy": 1675.6737517519023, "fx": 1669.3328573600193}, {"id": 62, "img_name": "0063", "width": 1057, "height": 1882, "position": [-1.7893763635089581, 1.472187751834964, -4.114605180675667], "rotation": [[0.9250832957728055, -0.10603242689232824, 0.3646615147358535], [0.11059127493073989, 0.9938302659763659, 0.008424508207569278], [-0.3633049212319007, 0.0325350100148896, 0.9311020391622034]], "fy": 1675.6737517519023, "fx": 1669.3328573600193}, {"id": 63, "img_name": "0064", "width": 1057, "height": 1882, "position": [-1.2432344981443022, 1.517462205263423, -4.150120176697374], "rotation": [[0.9582967054265228, -0.08151052633893263, 0.27390410450488417], [0.08415656470949663, 0.9964503386584063, 0.00209647414582468], [-0.27310272240490135, 0.02104178422800634, 0.961754722541841]], "fy": 1675.6737517519023, "fx": 1669.3328573600193}, {"id": 64, "img_name": "0065", "width": 1057, "height": 1882, "position": [-0.8526236389073703, 1.5034619028608711, -4.114322183633773], "rotation": [[0.9815179861376166, -0.055079756286740625, 0.1832721019024727], [0.056403714615931924, 0.9984060098927247, -0.0020150403502135986], [-0.1828689800537029, 0.012315025679296756, 0.9830601590323129]], "fy": 1675.6737517519023, "fx": 1669.3328573600193}, {"id": 65, "img_name": "0066", "width": 1057, "height": 1882, "position": [-0.4461397495326798, 1.4879357895888403, -4.056271492374214], "rotation": [[0.9960097042155213, -0.027857429951681553, 0.08478580485551405], [0.028284343799365987, 0.9995925501107455, -0.00383792377932037], [-0.08464434419587304, 0.006220720182081911, 0.9963918092979623]], "fy": 1675.6737517519023, "fx": 1669.3328573600193}, {"id": 66, "img_name": "0067", "width": 1057, "height": 1882, "position": [0.0649838278934236, 1.3678969470384998, -4.058105518783943], "rotation": [[0.9999985847647115, -0.0005167915728752113, -0.0016010605998932187], [0.0005167358852525627, 0.9999998658726531, -3.519517601606852e-05], [0.0016010785737175797, 3.4367800740184606e-05, 0.9999987176823054]], "fy": 1675.6737517519023, "fx": 1669.3328573600193}, {"id": 67, "img_name": "0068", "width": 1057, "height": 1882, "position": [0.331116506206188, 1.2794169233214454, -4.06616152612745], "rotation": [[0.9947240896100294, 0.029057361038112312, -0.09838523933496765], [-0.02843884627771479, 0.9995660036089472, 0.007683518180558519], [0.09856580325797878, -0.00484501792971486, 0.9951187407688442]], "fy": 1675.6737517519023, "fx": 1669.3328573600193}, {"id": 68, "img_name": "0069", "width": 1057, "height": 1882, "position": [0.6574630964029079, 1.2979511691754488, -4.049028118043976], "rotation": [[0.9780664503080612, 0.05987306355588109, -0.19950246876222463], [-0.05789101202341944, 0.9981985206520575, 0.015758936986624825], [0.20008660502065923, -0.0038638877413207464, 0.9797705960391082]], "fy": 1675.6737517519023, "fx": 1669.3328573600193}, {"id": 69, "img_name": "0070", "width": 1057, "height": 1882, "position": [1.1645929755743256, 1.2702361248076777, -3.798449097740036], "rotation": [[0.9493837384819231, 0.09017153535442554, -0.30089800816541273], [-0.08731463139950804, 0.9959161898774106, 0.022958612406440464], [0.30173941116409575, 0.004476265395025259, 0.9533799299326884]], "fy": 1675.6737517519023, "fx": 1669.3328573600193}, {"id": 70, "img_name": "0071", "width": 1057, "height": 1882, "position": [1.597550948216278, 1.2021996741290781, -3.7188473521703425], "rotation": [[0.9089943900901649, 0.12007359696814876, -0.3991384848592522], [-0.1176214794088566, 0.9925829045923145, 0.030730523795671497], [0.39986796116503365, 0.01901338534335705, 0.9163755260871519]], "fy": 1675.6737517519023, "fx": 1669.3328573600193}, {"id": 71, "img_name": "0072", "width": 1057, "height": 1882, "position": [1.957719151125919, 1.1114407601605505, -3.523986134336085], "rotation": [[0.8600963673865714, 0.14920462775228327, -0.4878239619634596], [-0.14851084544302057, 0.98808643135769, 0.04036995111000862], [0.488035621234991, 0.03772510071726541, 0.8720080556862125]], "fy": 1675.6737517519023, "fx": 1669.3328573600193}, {"id": 72, "img_name": "0073", "width": 1057, "height": 1882, "position": [2.3337129974371975, 0.981690795469399, -3.3073734256470506], "rotation": [[0.7922627726534872, 0.1802525126612945, -0.5829483088119376], [-0.18084112021630566, 0.9818118298781184, 0.05781020628134842], [0.5827659807386839, 0.05962015087762055, 0.8104500288747045]], "fy": 1675.6737517519023, "fx": 1669.3328573600193}, {"id": 73, "img_name": "0074", "width": 1057, "height": 1882, "position": [2.5539861110061346, 0.9779791287243844, -3.094596591683935], "rotation": [[0.7166368889726805, 0.20754598385637651, -0.665850008597016], [-0.20814562466998093, 0.9748342325387208, 0.07983494223325342], [0.6656628037484903, 0.08138110134258567, 0.7418019601281508]], "fy": 1675.6737517519023, "fx": 1669.3328573600193}, {"id": 74, "img_name": "0075", "width": 1057, "height": 1882, "position": [2.8795810671642488, 0.8757595790278496, -2.7227066559241213], "rotation": [[0.6300478203465457, 0.22777071442673733, -0.7424016741132125], [-0.22734741125281085, 0.9682320073308858, 0.10411500649113495], [0.742531412583476, 0.10318566581428572, 0.6618155480927072]], "fy": 1675.6737517519023, "fx": 1669.3328573600193}, {"id": 75, "img_name": "0076", "width": 1057, "height": 1882, "position": [3.2347540645789676, 0.7082471992911985, -2.2298225402849114], "rotation": [[0.5465546466486171, 0.24125676708435434, -0.8019184438350391], [-0.23647968902893982, 0.9630923371972225, 0.12857101815248798], [0.8033401364948607, 0.11936633682909549, 0.5834349173030541]], "fy": 1675.6737517519023, "fx": 1669.3328573600193}, {"id": 76, "img_name": "0077", "width": 1057, "height": 1882, "position": [3.383279346100377, 0.7002963712045428, -1.9560129851799044], "rotation": [[0.46725614757818956, 0.2509768939646493, -0.8477513145057614], [-0.23933104502002334, 0.9589679995967292, 0.1519902188927672], [0.8511124152778016, 0.13187484386836215, 0.5081502554507694]], "fy": 1675.6737517519023, "fx": 1669.3328573600193}, {"id": 77, "img_name": "0078", "width": 1057, "height": 1882, "position": [3.573112998799325, 0.5385197370834919, -1.4608590954477187], "rotation": [[0.36556469168004246, 0.2597683055228685, -0.8938024858114084], [-0.2353326205420851, 0.9548623648699278, 0.18126340464584612], [0.9005448428066589, 0.14407738060079517, 0.41019592208302497]], "fy": 1675.6737517519023, "fx": 1669.3328573600193}, {"id": 78, "img_name": "0079", "width": 1057, "height": 1882, "position": [3.767160100829391, 0.32052930076946673, -0.871633608818119], "rotation": [[0.28318914110747023, 0.2670637310048069, -0.9211302155181997], [-0.2358077762413774, 0.9503522458159018, 0.2030401475983704], [0.9296228283679944, 0.15971090274137092, 0.33210514076512954]], "fy": 1675.6737517519023, "fx": 1669.3328573600193}, {"id": 79, "img_name": "0080", "width": 1057, "height": 1882, "position": [3.761500327156878, 0.14781137989562837, -0.5818507263880314], "rotation": [[0.1759718668585369, 0.2745278662827415, -0.9453403369731804], [-0.23259182552285168, 0.944730054399355, 0.23105446763596496], [0.9565223179697736, 0.17921934870107376, 0.23009884892561783]], "fy": 1675.6737517519023, "fx": 1669.3328573600193}, {"id": 80, "img_name": "0081", "width": 1057, "height": 1882, "position": [3.7796450677848195, 0.19184705009589015, -0.44626313982163346], "rotation": [[0.08873232169614911, 0.2845972600362168, -0.9545318091432515], [-0.23446601162383632, 0.9373511574615317, 0.2576790581299488], [0.9680662500467733, 0.20094080517755591, 0.14990172892589798]], "fy": 1675.6737517519023, "fx": 1669.3328573600193}, {"id": 81, "img_name": "0082", "width": 1057, "height": 1882, "position": [3.69463104772465, 0.07140272996436006, -0.10111097037326927], "rotation": [[-0.037047284790908915, 0.28732633789260387, -0.9571160192175481], [-0.22245036518342357, 0.9313709900169366, 0.28820810881138126], [0.9742398748354443, 0.2235881358840328, 0.02941108247787732]], "fy": 1675.6737517519023, "fx": 1669.3328573600193}, {"id": 82, "img_name": "0083", "width": 1057, "height": 1882, "position": [3.6676245480548175, -0.024229852477524128, 0.4670565448628395], "rotation": [[-0.12767563145458205, 0.28771406529490007, -0.9491678195999665], [-0.21751913748070245, 0.9255783470737601, 0.30982276910817474], [0.9676695499819784, 0.24601898312871728, -0.05559048459931747]], "fy": 1675.6737517519023, "fx": 1669.3328573600193}, {"id": 83, "img_name": "0084", "width": 1057, "height": 1882, "position": [3.7081373731619265, -0.20512013692261363, 1.0318784264441634], "rotation": [[-0.22339567948013403, 0.28458393672286336, -0.9322587373411563], [-0.2089402852303565, 0.9202167409726538, 0.3309759913370224], [0.9520705475948026, 0.2687250129648981, -0.14611139520772776]], "fy": 1675.6737517519023, "fx": 1669.3328573600193}, {"id": 84, "img_name": "0085", "width": 1057, "height": 1882, "position": [3.6426300511996463, -0.42214025434630664, 1.3968445199926391], "rotation": [[-0.31399979459279864, 0.2796193837778108, -0.9073131373519272], [-0.20068945799325796, 0.9145049426962583, 0.35128969702296364], [0.9279697572906415, 0.29239307447309787, -0.23103770158594655]], "fy": 1675.6737517519023, "fx": 1669.3328573600193}, {"id": 85, "img_name": "0086", "width": 1057, "height": 1882, "position": [3.5378875455513064, -0.4838329233841407, 1.6060437220405774], "rotation": [[-0.4140775845236866, 0.27417908122138457, -0.8679663503936235], [-0.19048341825707252, 0.9063417596696142, 0.37717460419292365], [0.8900875357874247, 0.32151274640297683, -0.32306923799130854]], "fy": 1675.6737517519023, "fx": 1669.3328573600193}, {"id": 86, "img_name": "0087", "width": 1057, "height": 1882, "position": [3.1765076710127795, -0.4989098019039403, 2.0508943907839003], "rotation": [[-0.5154760731823378, 0.2644411614634992, -0.8150799286575227], [-0.1807073305971977, 0.8962537807978356, 0.40506051532335324], [0.837633140846846, 0.3560899219711517, -0.41421092311240054]], "fy": 1675.6737517519023, "fx": 1669.3328573600193}, {"id": 87, "img_name": "0088", "width": 1057, "height": 1882, "position": [2.899396031783442, -0.5843645496170613, 2.4662069266961324], "rotation": [[-0.6256652304364511, 0.24618222601419, -0.7402278912724113], [-0.1662814794469417, 0.8850037814442693, 0.4348778867938455], [0.762163689121857, 0.3951741621412547, -0.5127805500992783]], "fy": 1675.6737517519023, "fx": 1669.3328573600193}, {"id": 88, "img_name": "0089", "width": 1057, "height": 1882, "position": [2.4964820530229894, -0.7145924260720691, 2.8244639779047556], "rotation": [[-0.7394001316466453, 0.2182366004885026, -0.6369146187112877], [-0.1429430576641731, 0.8735539588284805, 0.46526418654427537], [0.6579169610114487, 0.4350589238509091, -0.6147105051901651]], "fy": 1675.6737517519023, "fx": 1669.3328573600193}, {"id": 89, "img_name": "0090", "width": 1057, "height": 1882, "position": [1.971483566048988, -0.8162187548392192, 3.337465403504983], "rotation": [[-0.8295425001449881, 0.18332088065669652, -0.5274966304806651], [-0.1183558158417212, 0.8654113621888375, 0.4868830198835252], [0.5457574015161339, 0.46632245164661956, -0.696198412653062]], "fy": 1675.6737517519023, "fx": 1669.3328573600193}, {"id": 90, "img_name": "0091", "width": 1057, "height": 1882, "position": [1.5392053829985852, -0.8242887858535669, 3.5581592526702677], "rotation": [[-0.8999307871060078, 0.149346265433704, -0.4096587255506307], [-0.08766328216962857, 0.8583599505754822, 0.505503060532084], [0.4271296376722288, 0.4908297956003296, -0.7593723621339724]], "fy": 1675.6737517519023, "fx": 1669.3328573600193}, {"id": 91, "img_name": "0092", "width": 1057, "height": 1882, "position": [1.0426099656016643, -0.8323703728657047, 3.7163798174359606], "rotation": [[-0.9509911515781694, 0.11819095513252645, -0.28573891534911217], [-0.05074122950309372, 0.8518955164352495, 0.5212478841261936], [0.30502648614266326, 0.5102008694645478, -0.804147943819468]], "fy": 1675.6737517519023, "fx": 1669.3328573600193}, {"id": 92, "img_name": "0093", "width": 1057, "height": 1882, "position": [0.5038758079761511, -0.8305250025119054, 3.870517674351858], "rotation": [[-0.9828279512621345, 0.08754073257809208, -0.1624371828048179], [-0.012576220074195383, 0.8464771639305311, 0.532276478564261], [0.18409523868509, 0.5251790466915219, -0.8308404852976673]], "fy": 1675.6737517519023, "fx": 1669.3328573600193}, {"id": 93, "img_name": "0094", "width": 1057, "height": 1882, "position": [0.0994357273860526, -0.8077236756770925, 3.848023895433831], "rotation": [[-0.9980111761107721, 0.05611196286129207, -0.028725249900502597], [0.0318876926314372, 0.8424703085211928, 0.5377982468536404], [0.054377085400344236, 0.5358126789131246, -0.8425840644703082]], "fy": 1675.6737517519023, "fx": 1669.3328573600193}, {"id": 94, "img_name": "0095", "width": 1057, "height": 1882, "position": [-0.5725323529055959, -0.7815497587621527, 3.842250194224453], "rotation": [[-0.9954216880624718, 0.02220133075072156, 0.09296646625399918], [0.06871709255263223, 0.8422884955089747, 0.5346288914044404], [-0.06643511214690524, 0.5385695788346432, -0.8399578469351322]], "fy": 1675.6737517519023, "fx": 1669.3328573600193}, {"id": 95, "img_name": "0096", "width": 1057, "height": 1882, "position": [-1.1184963544392186, -0.7122394221361485, 3.862637945146829], "rotation": [[-0.9755900808857033, -0.012729319676006361, 0.2192303776806779], [0.10722194785893453, 0.8436185232240463, 0.5261285405398713], [-0.1916440658480261, 0.5367920935463425, -0.8216610008582441]], "fy": 1675.6737517519023, "fx": 1669.3328573600193}, {"id": 96, "img_name": "0097", "width": 1057, "height": 1882, "position": [-1.555403585012545, -0.6333168774812312, 3.7107024186413846], "rotation": [[-0.9399524759409624, -0.047436311261452195, 0.3379928096074841], [0.14280407670904277, 0.8447849535552215, 0.5156989217770188], [-0.3099940945368673, 0.5329992294746856, -0.7872836100997269]], "fy": 1675.6737517519023, "fx": 1669.3328573600193}, {"id": 97, "img_name": "0098", "width": 1057, "height": 1882, "position": [-2.0129400461282665, -0.6035246564340545, 3.3994319708092555], "rotation": [[-0.8889761541442015, -0.0805163843780154, 0.45081981900719054], [0.1783965161667991, 0.8457718157393076, 0.5028366720124772], [-0.4217772876560963, 0.5274344959781511, -0.7375071335721031]], "fy": 1675.6737517519023, "fx": 1669.3328573600193}, {"id": 98, "img_name": "0099", "width": 1057, "height": 1882, "position": [-2.47973994545217, -0.5953482011844745, 3.156512950584845], "rotation": [[-0.8245966268047816, -0.1126072054572087, 0.5544005955455794], [0.21004455399857969, 0.8489963233189554, 0.4848572246821054], [-0.525282484381226, 0.5162604577827105, -0.6764269741311862]], "fy": 1675.6737517519023, "fx": 1669.3328573600193}, {"id": 99, "img_name": "0100", "width": 1057, "height": 1882, "position": [-3.0493811879505017, -0.46188364461504633, 2.798369575931033], "rotation": [[-0.7336061525647023, -0.14235197534139565, 0.6644982528461731], [0.24666784263156546, 0.8553488619270951, 0.45555822878256985], [-0.6332274380747435, 0.4981106699483818, -0.5923755330471292]], "fy": 1675.6737517519023, "fx": 1669.3328573600193}, {"id": 100, "img_name": "0101", "width": 1057, "height": 1882, "position": [-3.475061873703443, -0.3710783312737779, 2.375623026949086], "rotation": [[-0.6236540916273976, -0.17195497148529443, 0.7625529894885317], [0.27261166347294025, 0.8664185874229997, 0.41833205985968897], [-0.7326243614123963, 0.46877533974114466, -0.49346856628933555]], "fy": 1675.6737517519023, "fx": 1669