[{"id": 0, "img_name": "armadilo0014", "width": 384, "height": 216, "position": [3.2903466999500943, -1.771258399237528, -0.4717749703196918], "rotation": [[0.9914720469902677, 0.12111737678474814, -0.04810157042872593], [-0.11843022992685816, 0.9914232625595714, 0.05526477264231392], [0.05438254017972905, -0.049096797212409754, 0.9973124103444636]], "fy": 943.7582979946562, "fx": 1378.5590267464906}, {"id": 1, "img_name": "armadilo0019", "width": 384, "height": 216, "position": [4.307719684982308, -1.8868846689481191, -0.37503965400086303], "rotation": [[0.9950116447672614, 0.006479225116806337, -0.09954821153307969], [-0.00027369885639347345, 0.9980621419098723, 0.06222448051381235], [0.0997584676430279, -0.06188683646918423, 0.9930852267581827]], "fy": 943.7582979946562, "fx": 1378.5590267464906}, {"id": 2, "img_name": "armadilo0024", "width": 384, "height": 216, "position": [5.3394382144147245, -1.8376527207627553, -0.23187793482908806], "rotation": [[0.9824188096535826, -0.10818239290375513, -0.15215075518858098], [0.11846719218754342, 0.9911306008865104, 0.06021342343318702], [0.14428723718346542, -0.07717967253080422, 0.9865214094656032]], "fy": 943.7582979946562, "fx": 1378.5590267464906}, {"id": 3, "img_name": "armadilo0029", "width": 384, "height": 216, "position": [6.3447343151200295, -1.676579571425417, -0.04069570463108942], "rotation": [[0.9540276978586778, -0.21993065899642159, -0.20362135681669324], [0.23500192775210904, 0.970562233781725, 0.0527545667162624], [0.18602485229469723, -0.09818072921927083, 0.9776273823593057]], "fy": 943.7582979946562, "fx": 1378.5590267464906}, {"id": 4, "img_name": "armadilo0034", "width": 384, "height": 216, "position": [7.324430044712471, -1.379120905660977, 0.23168987725186121], "rotation": [[0.9101141953151304, -0.32714529918986573, -0.2542992424366733], [0.34739660045641546, 0.9369498641867943, 0.03795463070132069], [0.2258489616474213, -0.12288574050035757, 0.9663805364888411]], "fy": 943.7582979946562, "fx": 1378.5590267464906}, {"id": 5, "img_name": "armadilo0214", "width": 384, "height": 216, "position": [-3.6663105714694186, 4.62626041622444, 1.2438052387220482], "rotation": [[0.20256451742391746, 0.931985561456338, 0.3006169148895809], [-0.9173223007933967, 0.2880383823244422, -0.2748703090095891], [-0.34276436913413844, -0.22008362852523278, 0.9132774954564704]], "fy": 943.7582979946562, "fx": 1378.5590267464906}, {"id": 6, "img_name": "armadilo0219", "width": 384, "height": 216, "position": [-3.444592837268796, 3.717047296121357, 0.8881782441385516], "rotation": [[0.32201709190280214, 0.9016138179019823, 0.28878628064829065], [-0.8913721815385878, 0.39151767857950653, -0.22840652648042542], [-0.3189994145787753, -0.18386525155103478, 0.9297488600533337]], "fy": 943.7582979946562, "fx": 1378.5590267464906}, {"id": 7, "img_name": "armadilo0224", "width": 384, "height": 216, "position": [-3.077927931708983, 2.851060740835549, 0.5505733173307649], "rotation": [[0.43750999705915217, 0.8578141856710677, 0.2697032171383643], [-0.8508205407507461, 0.49197353707848346, -0.18457097889726304], [-0.2910144496582749, -0.14871738861333253, 0.9450892700767067]], "fy": 943.7582979946562, "fx": 1378.5590267464906}, {"id": 8, "img_name": "armadilo0229", "width": 384, "height": 216, "position": [-2.6036618435047307, 2.0296689845425284, 0.2777774845282277], "rotation": [[0.5441762262791434, 0.8020533961089563, 0.24613529723036512], [-0.7980797550743606, 0.5853492157406439, -0.14295104117235977], [-0.2587294712494868, -0.11864503960091559, 0.9586357052003948]], "fy": 943.7582979946562, "fx": 1378.5590267464906}, {"id": 9, "img_name": "armadilo0234", "width": 384, "height": 216, "position": [-1.9977777524753653, 1.2559429680468361, 0.033521449100404055], "rotation": [[0.6437685497506962, 0.7341587368114911, 0.21580779299006067], [-0.7324598304332309, 0.6728302171818747, -0.10393313065963927], [-0.22150542014498803, -0.09116165866386407, 0.9708887170196414]], "fy": 943.7582979946562, "fx": 1378.5590267464906}, {"id": 10, "img_name": "armadilo0239", "width": 384, "height": 216, "position": [-1.2981465117006772, 0.5672531177290145, -0.14610037255799108], "rotation": [[0.7321016810535258, 0.656650910244934, 0.18120902481140722], [-0.6566016358124167, 0.7510780512979562, -0.06896414073214627], [-0.18138748701897825, -0.0684933787527266, 0.9810235657821759]], "fy": 943.7582979946562, "fx": 1378.5590267464906}, {"id": 11, "img_name": "armadilo0244", "width": 384, "height": 216, "position": [-0.5153977769434477, -0.03931429567496493, -0.2998484336137287], "rotation": [[0.8105151630815343, 0.5682834671810084, 0.1418417122839598], [-0.5691400515409439, 0.8213399550570584, -0.03847440654306599], [-0.13836463474054897, -0.04954370954623027, 0.9891413694197171]], "fy": 943.7582979946562, "fx": 1378.5590267464906}]