[
    {
        "id": 0,
        "img_name": "r_0",
        "width": 800,
        "height": 800,
        "position": [
            -1.0572376251220703,
            2.5740303993225093,
            2.916610240936279
        ],
        "rotation": [
            [
                -0.9250140190124512,
                -0.2748899757862091,
                0.2622683644294739
            ],
            [
                -0.3799331784248352,
                0.6692678928375243,
                -0.638538360595703
            ],
            [
                -6.760725888209083e-17,
                -0.6903012990951538,
                -0.7235219478607178
            ]
        ],
        "fy": 1111.1110311937682,
        "fx": 1111.1110311937682
    },
    {
        "id": 1,
        "img_name": "r_1",
        "width": 800,
        "height": 800,
        "position": [
            0.26043257117271423,
            -0.24541696906089777,
            4.015214443206786
        ],
        "rotation": [
            [
                0.6858149766921997,
                0.7249027490615844,
                -0.06460536271333694
            ],
            [
                0.7277759909629822,
                -0.6831074357032776,
                0.06088045239448546
            ],
            [
                3.725290300503162e-09,
                -0.08877081423997879,
                -0.9960520267486571
            ]
        ],
        "fy": 1111.1110311937682,
        "fx": 1111.1110311937682
    },
    {
        "id": 2,
        "img_name": "r_2",
        "width": 800,
        "height": 800,
        "position": [
            -3.7684571743011483,
            -1.299936771392822,
            0.5990785360336304
        ],
        "rotation": [
            [
                0.3260957896709441,
                -0.14048941433429712,
                0.9348391294479372
            ],
            [
                -0.9453368186950682,
                -0.04846210405230521,
                0.32247462868690485
            ],
            [
                -4.290650314913026e-18,
                -0.9888953566551207,
                -0.14861309528350827
            ]
        ],
        "fy": 1111.1110311937682,
        "fx": 1111.1110311937682
    },
    {
        "id": 3,
        "img_name": "r_3",
        "width": 800,
        "height": 800,
        "position": [
            1.5814510583877563,
            3.392199277877807,
            1.4973301887512203
        ],
        "rotation": [
            [
                -0.9063443541526794,
                0.15694898366928095,
                -0.39230972528457636
            ],
            [
                0.42253980040550226,
                0.3366542458534241,
                -0.8415010571479796
            ],
            [
                -3.507541521114095e-17,
                -0.9284562468528746,
                -0.37144190073013295
            ]
        ],
        "fy": 1111.1110311937682,
        "fx": 1111.1110311937682
    },
    {
        "id": 4,
        "img_name": "r_4",
        "width": 800,
        "height": 800,
        "position": [
            0.9532441496849061,
            -1.6001232862472534,
            3.5750427246093754
        ],
        "rotation": [
            [
                0.8591064810752869,
                0.4538917541503906,
                -0.23647075891494754
            ],
            [
                0.5117969512939454,
                -0.7619063258171083,
                0.39694169163703913
            ],
            [
                -1.4901161256299534e-08,
                -0.46204015612602234,
                -0.886858880519867
            ]
        ],
        "fy": 1111.1110311937682,
        "fx": 1111.1110311937682
    },
    {
        "id": 5,
        "img_name": "r_5",
        "width": 800,
        "height": 800,
        "position": [
            2.996474266052248,
            -1.5636255741119383,
            2.196865320205688
        ],
        "rotation": [
            [
                0.4626236557960511,
                0.4831503927707672,
                -0.7433337569236758
            ],
            [
                0.8865548372268677,
                -0.2521184086799622,
                0.38788774609565735
            ],
            [
                -2.1115011962147593e-17,
                -0.8384521007537842,
                -0.5449752211570739
            ]
        ],
        "fy": 1111.1110311937682,
        "fx": 1111.1110311937682
    },
    {
        "id": 6,
        "img_name": "r_6",
        "width": 800,
        "height": 800,
        "position": [
            3.878704309463501,
            0.2504621148109436,
            1.0690751075744627
        ],
        "rotation": [
            [
                -0.06443945318460464,
                0.26465365290641785,
                -0.9621880650520326
            ],
            [
                0.9979217052459716,
                0.017089653760194775,
                -0.06213200092315674
            ],
            [
                1.760481277575984e-18,
                -0.9641920328140258,
                -0.2652048468589782
            ]
        ],
        "fy": 1111.1110311937682,
        "fx": 1111.1110311937682
    },
    {
        "id": 7,
        "img_name": "r_7",
        "width": 800,
        "height": 800,
        "position": [
            0.27621194720268244,
            3.019851446151734,
            2.6559753417968754
        ],
        "rotation": [
            [
                -0.9958431124687195,
                0.06001297757029532,
                -0.06851974874734877
            ],
            [
                0.09108519554138182,
                0.656127631664276,
                -0.7491329312324524
            ],
            [
                3.7252898639912782e-09,
                -0.7522600293159485,
                -0.6588664054870607
            ]
        ],
        "fy": 1111.1110311937682,
        "fx": 1111.1110311937682
    },
    {
        "id": 8,
        "img_name": "r_8",
        "width": 800,
        "height": 800,
        "position": [
            -1.5864359140396116,
            -3.3005757331848145,
            1.6850581169128418
        ],
        "rotation": [
            [
                0.9012928605079651,
                -0.18108686804771423,
                0.39354631304740906
            ],
            [
                -0.43321028351783747,
                -0.3767507374286652,
                0.8187720775604247
            ],
            [
                -1.4901161217157497e-08,
                -0.908441722393036,
                -0.4180114567279816
            ]
        ],
        "fy": 1111.1110311937682,
        "fx": 1111.1110311937682
    },
    {
        "id": 9,
        "img_name": "r_9",
        "width": 800,
        "height": 800,
        "position": [
            -1.9485280513763432,
            3.154767990112306,
            1.5813529491424563
        ],
        "rotation": [
            [
                -0.8507986068725586,
                -0.20614278316497806,
                0.483370304107666
            ],
            [
                -0.5254918932914734,
                0.3337558507919311,
                -0.7826015949249268
            ],
            [
                1.4901161212690142e-08,
                -0.91984361410141,
                -0.39228537678718567
            ]
        ],
        "fy": 1111.1110311937682,
        "fx": 1111.1110311937682
    },
    {
        "id": 10,
        "img_name": "r_10",
        "width": 800,
        "height": 800,
        "position": [
            -0.31725549697875977,
            3.767011404037475,
            1.3996332883834839
        ],
        "rotation": [
            [
                -0.9964723587036133,
                -0.0291383545845747,
                0.0787013992667198
            ],
            [
                -0.08392231911420824,
                0.34598144888877863,
                -0.9344804883003234
            ],
            [
                2.5460028151752985e-18,
                -0.9377887248992921,
                -0.3472062945365906
            ]
        ],
        "fy": 1111.1110311937682,
        "fx": 1111.1110311937682
    },
    {
        "id": 11,
        "img_name": "r_11",
        "width": 800,
        "height": 800,
        "position": [
            -2.9394853115081787,
            2.2392940521240234,
            1.6108965873718262
        ],
        "rotation": [
            [
                -0.6059895157814025,
                -0.3178822100162506,
                0.729196548461914
            ],
            [
                -0.7954726219177246,
                0.24216204881668094,
                -0.5555005073547363
            ],
            [
                -1.4901161171991728e-08,
                -0.9166833758354186,
                -0.3996142446994781
            ]
        ],
        "fy": 1111.1110311937682,
        "fx": 1111.1110311937682
    },
    {
        "id": 12,
        "img_name": "r_12",
        "width": 800,
        "height": 800,
        "position": [
            2.6987137794494624,
            1.6057422161102293,
            2.5275554656982426
        ],
        "rotation": [
            [
                -0.5113345384597777,
                0.5388402938842775,
                -0.6694684624671934
            ],
            [
                0.8593817949295044,
                0.3206114768981934,
                -0.39833560585975647
            ],
            [
                -2.8913242713513684e-17,
                -0.7790117263793946,
                -0.6270093321800233
            ]
        ],
        "fy": 1111.1110311937682,
        "fx": 1111.1110311937682
    },
    {
        "id": 13,
        "img_name": "r_13",
        "width": 800,
        "height": 800,
        "position": [
            3.361806154251099,
            1.4793193340301514,
            1.6612865924835205
        ],
        "rotation": [
            [
                -0.4027670919895173,
                0.37720945477485657,
                -0.8339614272117614
            ],
            [
                0.9153026342391968,
                0.16598613560199738,
                -0.3669739663600922
            ],
            [
                -1.490116472579758e-08,
                -0.9111320376396179,
                -0.4121144711971283
            ]
        ],
        "fy": 1111.1110311937682,
        "fx": 1111.1110311937682
    },
    {
        "id": 14,
        "img_name": "r_14",
        "width": 800,
        "height": 800,
        "position": [
            2.2681069374084473,
            -2.5366995334625235,
            2.161214113235473
        ],
        "rotation": [
            [
                0.7454707622528076,
                0.35735198855400085,
                -0.562648057937622
            ],
            [
                0.6665382385253906,
                -0.3996701836585997,
                0.6292777061462401
            ],
            [
                4.7787211414599093e-17,
                -0.8441345691680908,
                -0.536131203174591
            ]
        ],
        "fy": 1111.1110311937682,
        "fx": 1111.1110311937682
    },
    {
        "id": 15,
        "img_name": "r_15",
        "width": 800,
        "height": 800,
        "position": [
            -0.16553816199302676,
            0.31037843227386475,
            4.015751838684083
        ],
        "rotation": [
            [
                -0.8823493719100952,
                -0.46879974007606506,
                0.041064962744712837
            ],
            [
                -0.470594882965088,
                0.8789835572242738,
                -0.07699541002511977
            ],
            [
                3.725290309960194e-09,
                -0.08726167678833009,
                -0.9961854219436647
            ]
        ],
        "fy": 1111.1110311937682,
        "fx": 1111.1110311937682
    },
    {
        "id": 16,
        "img_name": "r_16",
        "width": 800,
        "height": 800,
        "position": [
            -2.8498432636260986,
            0.7856489419937134,
            2.740647554397583
        ],
        "rotation": [
            [
                -0.2657671868801117,
                -0.6554209589958191,
                0.706959068775177
            ],
            [
                -0.964037299156189,
                0.18068741261959076,
                -0.19489550590515134
            ],
            [
                -1.490116298130337e-08,
                -0.7333316802978516,
                -0.6798709630966187
            ]
        ],
        "fy": 1111.1110311937682,
        "fx": 1111.1110311937682
    },
    {
        "id": 17,
        "img_name": "r_17",
        "width": 800,
        "height": 800,
        "position": [
            1.2037813663482666,
            3.7300796508789062,
            0.9420276880264282
        ],
        "rotation": [
            [
                -0.9516690969467163,
                0.07177157700061798,
                -0.2986213862895965
            ],
            [
                0.3071252107620239,
                0.22239394485950473,
                -0.9253188371658324
            ],
            [
                -7.450580600674526e-09,
                -0.9723115563392639,
                -0.23368830978870392
            ]
        ],
        "fy": 1111.1110311937682,
        "fx": 1111.1110311937682
    },
    {
        "id": 18,
        "img_name": "r_18",
        "width": 800,
        "height": 800,
        "position": [
            3.5829269886016855,
            -1.2717387676239016,
            1.3398932218551631
        ],
        "rotation": [
            [
                0.33449804782867437,
                0.31323996186256403,
                -0.8888148069381713
            ],
            [
                0.9423965215682985,
                -0.11118266731500626,
                0.3154795467853546
            ],
            [
                -1.0653122230877706e-17,
                -0.9431432485580443,
                -0.33238658308982844
            ]
        ],
        "fy": 1111.1110311937682,
        "fx": 1111.1110311937682
    },
    {
        "id": 19,
        "img_name": "r_19",
        "width": 800,
        "height": 800,
        "position": [
            1.0547538995742796,
            -0.4079756140708923,
            3.869244337081909
        ],
        "rotation": [
            [
                0.36075091361999506,
                0.8952076435089111,
                -0.2616522312164306
            ],
            [
                0.932662308216095,
                -0.346263587474823,
                0.10120629519224167
            ],
            [
                7.450581498237613e-09,
                -0.28054356575012196,
                -0.9598413705825805
            ]
        ],
        "fy": 1111.1110311937682,
        "fx": 1111.1110311937682
    },
    {
        "id": 20,
        "img_name": "r_20",
        "width": 800,
        "height": 800,
        "position": [
            -1.023576259613037,
            3.349842548370361,
            1.995205879211426
        ],
        "rotation": [
            [
                -0.956350564956665,
                -0.14463518559932712,
                0.25391802191734314
            ],
            [
                -0.2922220230102539,
                0.4733453392982484,
                -0.8309936523437501
            ],
            [
                7.450581476026727e-09,
                -0.8689215779304506,
                -0.49494966864585876
            ]
        ],
        "fy": 1111.1110311937682,
        "fx": 1111.1110311937682
    },
    {
        "id": 21,
        "img_name": "r_21",
        "width": 800,
        "height": 800,
        "position": [
            2.1688425540924072,
            2.2312440872192383,
            2.56274700164795
        ],
        "rotation": [
            [
                -0.7170628309249878,
                0.44311571121215826,
                -0.5380235910415649
            ],
            [
                0.6970086097717285,
                0.45586496591567993,
                -0.5535035133361816
            ],
            [
                -6.828558575903455e-17,
                -0.7719038724899292,
                -0.635739266872406
            ]
        ],
        "fy": 1111.1110311937682,
        "fx": 1111.1110311937682
    },
    {
        "id": 22,
        "img_name": "r_22",
        "width": 800,
        "height": 800,
        "position": [
            0.2905930280685426,
            -0.4605365693569184,
            3.9941785335540785
        ],
        "rotation": [
            [
                0.8457144498825073,
                0.5287441611289979,
                -0.07208725810050966
            ],
            [
                0.5336356163024903,
                -0.8379623889923096,
                0.11424505710601807
            ],
            [
                -3.7252900400653616e-09,
                -0.13508741557598117,
                -0.9908337593078614
            ]
        ],
        "fy": 1111.1110311937682,
        "fx": 1111.1110311937682
    },
    {
        "id": 23,
        "img_name": "r_23",
        "width": 800,
        "height": 800,
        "position": [
            -2.402055263519287,
            3.084098339080811,
            0.9841072559356688
        ],
        "rotation": [
            [
                -0.7889414429664612,
                -0.15000830590724948,
                0.5958765745162964
            ],
            [
                -0.6144683957099915,
                0.19260187447071073,
                -0.7650706171989441
            ],
            [
                5.964716553598744e-19,
                -0.9697432518005372,
                -0.24412696063518524
            ]
        ],
        "fy": 1111.1110311937682,
        "fx": 1111.1110311937682
    },
    {
        "id": 24,
        "img_name": "r_24",
        "width": 800,
        "height": 800,
        "position": [
            -2.769757270812989,
            -2.6981143951416016,
            1.13957154750824
        ],
        "rotation": [
            [
                0.697782039642334,
                -0.20249579846858978,
                0.6870921850204469
            ],
            [
                -0.7163101434707642,
                -0.1972580403089523,
                0.6693198084831238
            ],
            [
                1.490116120202286e-08,
                -0.9592105150222779,
                -0.28269290924072266
            ]
        ],
        "fy": 1111.1110311937682,
        "fx": 1111.1110311937682
    },
    {
        "id": 25,
        "img_name": "r_25",
        "width": 800,
        "height": 800,
        "position": [
            -3.3011233806610116,
            -0.7994424104690553,
            2.1710543632507324
        ],
        "rotation": [
            [
                0.23536923527717588,
                -0.5234417319297789,
                0.8189079165458679
            ],
            [
                -0.971906065940857,
                -0.12676335871219638,
                0.1983172446489334
            ],
            [
                -7.450580600635288e-09,
                -0.8425793051719666,
                -0.5385723114013673
            ]
        ],
        "fy": 1111.1110311937682,
        "fx": 1111.1110311937682
    },
    {
        "id": 26,
        "img_name": "r_26",
        "width": 800,
        "height": 800,
        "position": [
            -0.7171050906181335,
            -3.8398122787475586,
            0.9957927465438843
        ],
        "rotation": [
            [
                0.9830045104026794,
                -0.045349299907684326,
                0.17789188027381897
            ],
            [
                -0.1835812330245972,
                -0.242827445268631,
                0.9525401592254639
            ],
            [
                3.725290304187325e-09,
                -0.9690088033676146,
                -0.2470257729291916
            ]
        ],
        "fy": 1111.1110311937682,
        "fx": 1111.1110311937682
    },
    {
        "id": 27,
        "img_name": "r_27",
        "width": 800,
        "height": 800,
        "position": [
            1.2067512273788454,
            2.580453872680664,
            2.852193832397461
        ],
        "rotation": [
            [
                -0.9058412313461304,
                0.2997271418571472,
                -0.2993581295013428
            ],
            [
                0.4236173033714293,
                0.6409209370613097,
                -0.6401318311691284
            ],
            [
                1.4901159453858473e-08,
                -0.7066711783409118,
                -0.7075421810150145
            ]
        ],
        "fy": 1111.1110311937682,
        "fx": 1111.1110311937682
    },
    {
        "id": 28,
        "img_name": "r_28",
        "width": 800,
        "height": 800,
        "position": [
            -3.827266693115234,
            -0.2620316147804261,
            1.2382930517196655
        ],
        "rotation": [
            [
                0.06830453127622604,
                -0.3064652979373932,
                0.9494279623031615
            ],
            [
                -0.9976645708084106,
                -0.02098196931183339,
                0.06500203162431718
            ],
            [
                -3.6543531558651506e-19,
                -0.951650619506836,
                -0.30718266963958746
            ]
        ],
        "fy": 1111.1110311937682,
        "fx": 1111.1110311937682
    },
    {
        "id": 29,
        "img_name": "r_29",
        "width": 800,
        "height": 800,
        "position": [
            -0.8448512554168701,
            3.2450001239776602,
            2.237453937530518
        ],
        "rotation": [
            [
                -0.9677388668060302,
                -0.13984633982181546,
                0.20958179235458374
            ],
            [
                -0.2519554197788238,
                0.5371376872062682,
                -0.8049854636192322
            ],
            [
                -7.450580630152135e-09,
                -0.8318210244178771,
                -0.5550439953804017
            ]
        ],
        "fy": 1111.1110311937682,
        "fx": 1111.1110311937682
    },
    {
        "id": 30,
        "img_name": "r_30",
        "width": 800,
        "height": 800,
        "position": [
            -1.6039599180221555,
            2.6391160488128653,
            2.590826034545899
        ],
        "rotation": [
            [
                -0.8545518517494202,
                -0.33379903435707087,
                0.3978934884071349
            ],
            [
                -0.5193659067153932,
                0.5492246747016908,
                -0.6546841263771056
            ],
            [
                1.4901158536156208e-08,
                -0.7661139369010926,
                -0.6427048444747925
            ]
        ],
        "fy": 1111.1110311937682,
        "fx": 1111.1110311937682
    },
    {
        "id": 31,
        "img_name": "r_31",
        "width": 800,
        "height": 800,
        "position": [
            -0.3324478268623352,
            -3.8303699493408208,
            1.2115048170089724
        ],
        "rotation": [
            [
                0.9962546825408934,
                -0.025986727327108387,
                0.08247014880180359
            ],
            [
                -0.08646754920482637,
                -0.2994117140769959,
                0.9501977562904358
            ],
            [
                2.129050581182748e-18,
                -0.9537699222564698,
                -0.3005373179912567
            ]
        ],
        "fy": 1111.1110311937682,
        "fx": 1111.1110311937682
    },
    {
        "id": 32,
        "img_name": "r_32",
        "width": 800,
        "height": 800,
        "position": [
            0.4848643839359283,
            -3.959544897079468,
            0.580441176891327
        ],
        "rotation": [
            [
                0.9925857782363892,
                0.0175014715641737,
                -0.12028004974126814
            ],
            [
                0.12154667079448699,
                -0.14292214810848236,
                0.9822421669960023
            ],
            [
                -1.7083312444139983e-18,
                -0.989579200744629,
                -0.1439897269010544
            ]
        ],
        "fy": 1111.1110311937682,
        "fx": 1111.1110311937682
    },
    {
        "id": 33,
        "img_name": "r_33",
        "width": 800,
        "height": 800,
        "position": [
            0.6642939448356628,
            2.8893392086029053,
            2.7313790321350093
        ],
        "rotation": [
            [
                -0.9745739698410034,
                0.15182095766067508,
                -0.16479106247425082
            ],
            [
                0.22406631708145136,
                0.6603435873985292,
                -0.7167569398880006
            ],
            [
                6.375652986950269e-19,
                -0.735456645488739,
                -0.6775718331336974
            ]
        ],
        "fy": 1111.1110311937682,
        "fx": 1111.1110311937682
    },
    {
        "id": 34,
        "img_name": "r_34",
        "width": 800,
        "height": 800,
        "position": [
            -2.082963705062866,
            3.3535418510437016,
            0.8154876232147215
        ],
        "rotation": [
            [
                -0.8494749665260316,
                -0.10673805326223375,
                0.5167196989059448
            ],
            [
                -0.5276288986206052,
                0.17184674739837644,
                -0.8319113254547118
            ],
            [
                -7.450580582041234e-09,
                -0.9793241024017335,
                -0.2022975832223892
            ]
        ],
        "fy": 1111.1110311937682,
        "fx": 1111.1110311937682
    },
    {
        "id": 35,
        "img_name": "r_35",
        "width": 800,
        "height": 800,
        "position": [
            -0.024806614965200417,
            1.4379626512527466,
            3.765852928161621
        ],
        "rotation": [
            [
                -0.9998512864112853,
                -0.01611357368528843,
                0.006153763271868228
            ],
            [
                -0.01724865660071373,
                0.9340540766716003,
                -0.3567146062850952
            ],
            [
                1.1850080997015136e-18,
                -0.3567677140235902,
                -0.9341930747032164
            ]
        ],
        "fy": 1111.1110311937682,
        "fx": 1111.1110311937682
    },
    {
        "id": 36,
        "img_name": "r_36",
        "width": 800,
        "height": 800,
        "position": [
            0.04861889034509658,
            0.3681953251361847,
            4.013984203338623
        ],
        "rotation": [
            [
                -0.9913942217826843,
                0.1303533166646957,
                -0.01206086203455925
            ],
            [
                0.13091009855270386,
                0.9871777296066285,
                -0.09133801609277725
            ],
            [
                9.313225735883483e-10,
                -0.09213109314441681,
                -0.9957469105720519
            ]
        ],
        "fy": 1111.1110311937682,
        "fx": 1111.1110311937682
    },
    {
        "id": 37,
        "img_name": "r_37",
        "width": 800,
        "height": 800,
        "position": [
            2.2349517345428467,
            2.3679757118225098,
            2.3764853477478027
        ],
        "rotation": [
            [
                -0.7272384762763977,
                0.40464684367179876,
                -0.5544232130050659
            ],
            [
                0.6863849163055419,
                0.42873138189315807,
                -0.5874224305152893
            ],
            [
                -6.030874883382414e-17,
                -0.8077439665794375,
                -0.5895333886146547
            ]
        ],
        "fy": 1111.1110311937682,
        "fx": 1111.1110311937682
    },
    {
        "id": 38,
        "img_name": "r_38",
        "width": 800,
        "height": 800,
        "position": [
            -2.2083640098571777,
            -0.15812607109546659,
            3.368697881698609
        ],
        "rotation": [
            [
                0.07142041623592375,
                -0.8335370421409607,
                0.5478276610374451
            ],
            [
                -0.9974463582038878,
                -0.05968397110700606,
                0.03922624886035919
            ],
            [
                -6.173424941607279e-19,
                -0.5492302775382997,
                -0.8356710672378541
            ]
        ],
        "fy": 1111.1110311937682,
        "fx": 1111.1110311937682
    },
    {
        "id": 39,
        "img_name": "r_39",
        "width": 800,
        "height": 800,
        "position": [
            0.5575024485588074,
            -1.2482784986495972,
            3.792227745056153
        ],
        "rotation": [
            [
                0.9130738377571106,
                0.3836267292499543,
                -0.13829933106899261
            ],
            [
                0.40779432654380793,
                -0.858961284160614,
                0.30965977907180786
            ],
            [
                -1.1293271189357007e-17,
                -0.3391398191452026,
                -0.9407359361648558
            ]
        ],
        "fy": 1111.1110311937682,
        "fx": 1111.1110311937682
    },
    {
        "id": 40,
        "img_name": "r_40",
        "width": 800,
        "height": 800,
        "position": [
            -1.7538683414459233,
            1.7731775045394904,
            3.166983842849732
        ],
        "rotation": [
            [
                -0.7109672427177427,
                -0.552476167678833,
                0.43508118391036993
            ],
            [
                -0.7032251358032227,
                0.5585586428642273,
                -0.4398711919784547
            ],
            [
                -1.4901161146976506e-08,
                -0.6186939477920532,
                -0.7856320142745971
            ]
        ],
        "fy": 1111.1110311937682,
        "fx": 1111.1110311937682
    },
    {
        "id": 41,
        "img_name": "r_41",
        "width": 800,
        "height": 800,
        "position": [
            0.37662360072135914,
            -2.3100020885467525,
            3.282079219818115
        ],
        "rotation": [
            [
                0.9869681596755981,
                0.13101491332054135,
                -0.0934288129210472
            ],
            [
                0.16091564297676084,
                -0.8035734891891478,
                0.5730409622192383
            ],
            [
                -1.458882466347506e-17,
                -0.5806072950363159,
                -0.8141836524009706
            ]
        ],
        "fy": 1111.1110311937682,
        "fx": 1111.1110311937682
    },
    {
        "id": 42,
        "img_name": "r_42",
        "width": 800,
        "height": 800,
        "position": [
            -2.165015459060669,
            2.672555208206176,
            2.1024169921875004
        ],
        "rotation": [
            [
                -0.7770290374755862,
                -0.3282945454120636,
                0.5370742082595826
            ],
            [
                -0.6294648647308351,
                0.40525591373443604,
                -0.6629793643951415
            ],
            [
                1.490116292211354e-08,
                -0.853223443031311,
                -0.521545469760895
            ]
        ],
        "fy": 1111.1110311937682,
        "fx": 1111.1110311937682
    },
    {
        "id": 43,
        "img_name": "r_43",
        "width": 800,
        "height": 800,
        "position": [
            2.8132343292236333,
            -0.9801510572433473,
            2.715698003768921
        ],
        "rotation": [
            [
                0.32901006937026983,
                0.6361754536628723,
                -0.6978775262832639
            ],
            [
                0.944326400756836,
                -0.2216480970382691,
                0.24314555525779724
            ],
            [
                1.1838109976965308e-17,
                -0.7390215992927551,
                -0.6736817359924318
            ]
        ],
        "fy": 1111.1110311937682,
        "fx": 1111.1110311937682
    },
    {
        "id": 44,
        "img_name": "r_44",
        "width": 800,
        "height": 800,
        "position": [
            1.1312848329544067,
            3.768152236938476,
            0.8781932592391968
        ],
        "rotation": [
            [
                -0.9577675461769104,
                0.0626422166824341,
                -0.28063723444938665
            ],
            [
                0.28754356503486633,
                0.20865248143672943,
                -0.934763491153717
            ],
            [
                -3.725290302610807e-09,
                -0.975981593132019,
                -0.21785293519496918
            ]
        ],
        "fy": 1111.1110311937682,
        "fx": 1111.1110311937682
    },
    {
        "id": 45,
        "img_name": "r_45",
        "width": 800,
        "height": 800,
        "position": [
            -2.9475231170654292,
            0.010678468272089956,
            2.7499079704284672
        ],
        "rotation": [
            [
                -0.0036228382959961887,
                -0.682163655757904,
                0.7311904430389404
            ],
            [
                -0.9999935030937195,
                0.0024713845923542976,
                -0.002649001777172089
            ],
            [
                -1.1641533536663395e-10,
                -0.7311952710151671,
                -0.6821681261062621
            ]
        ],
        "fy": 1111.1110311937682,
        "fx": 1111.1110311937682
    },
    {
        "id": 46,
        "img_name": "r_46",
        "width": 800,
        "height": 800,
        "position": [
            2.164533853530884,
            2.7938511371612553,
            1.9388626813888545
        ],
        "rotation": [
            [
                -0.7905110120773315,
                0.294570654630661,
                -0.5369548201560975
            ],
            [
                0.6124477982521057,
                0.38021418452262873,
                -0.6930692195892335
            ],
            [
                -1.490115945776665e-08,
                -0.8767356276512146,
                -0.48097267746925343
            ]
        ],
        "fy": 1111.1110311937682,
        "fx": 1111.1110311937682
    },
    {
        "id": 47,
        "img_name": "r_47",
        "width": 800,
        "height": 800,
        "position": [
            -1.7031598091125486,
            -1.2431932687759402,
            3.4356539249420166
        ],
        "rotation": [
            [
                0.5895764231681824,
                -0.6883980631828309,
                0.42250195145607
            ],
            [
                -0.8077125549316407,
                -0.5024847388267517,
                0.3083982765674591
            ],
            [
                3.5570458394616056e-17,
                -0.5230844020843507,
                -0.852280855178833
            ]
        ],
        "fy": 1111.1110311937682,
        "fx": 1111.1110311937682
    },
    {
        "id": 48,
        "img_name": "r_48",
        "width": 800,
        "height": 800,
        "position": [
            -0.7585498094558717,
            1.0430860519409177,
            3.819237232208252
        ],
        "rotation": [
            [
                -0.8087576627731323,
                -0.55722713470459,
                0.1881730407476426
            ],
            [
                -0.5881421566009521,
                0.7662461400032045,
                -0.2587577998638153
            ],
            [
                7.702194106445544e-18,
                -0.31994491815567017,
                -0.9474361538887026
            ]
        ],
        "fy": 1111.1110311937682,
        "fx": 1111.1110311937682
    },
    {
        "id": 49,
        "img_name": "r_49",
        "width": 800,
        "height": 800,
        "position": [
            2.0437042713165288,
            2.0489706993103036,
            2.806241750717163
        ],
        "rotation": [
            [
                -0.7080161571502686,
                0.4916135668754578,
                -0.5069805979728699
            ],
            [
                0.7061963081359864,
                0.49288040399551386,
                -0.5082870721817017
            ],
            [
                -1.4901161195429004e-08,
                -0.7179031968116759,
                -0.6961429119110106
            ]
        ],
        "fy": 1111.1110311937682,
        "fx": 1111.1110311937682
    },
    {
        "id": 50,
        "img_name": "r_50",
        "width": 800,
        "height": 800,
        "position": [
            3.779249906539917,
            -1.2586270570755003,
            0.6189729571342469
        ],
        "rotation": [
            [
                0.3159740567207336,
                0.14568167924880981,
                -0.937516510486603
            ],
            [
                0.9487679004669187,
                -0.04851727932691573,
                0.3122269511222838
            ],
            [
                -3.725290747185911e-09,
                -0.9881411194801332,
                -0.15354828536510468
            ]
        ],
        "fy": 1111.1110311937682,
        "fx": 1111.1110311937682
    },
    {
        "id": 51,
        "img_name": "r_51",
        "width": 800,
        "height": 800,
        "position": [
            1.1387540102005,
            3.2601509094238272,
            2.079580783843994
        ],
        "rotation": [
            [
                -0.9440658092498779,
                0.17011535167694092,
                -0.28249010443687433
            ],
            [
                0.3297573328018188,
                0.48702505230903637,
                -0.8087438941001891
            ],
            [
                1.9969446558639766e-17,
                -0.8566606044769287,
                -0.5158804655075073
            ]
        ],
        "fy": 1111.1110311937682,
        "fx": 1111.1110311937682
    },
    {
        "id": 52,
        "img_name": "r_52",
        "width": 800,
        "height": 800,
        "position": [
            -1.5111949443817136,
            -0.6735633611679079,
            3.675949096679687
        ],
        "rotation": [
            [
                0.4071078300476075,
                -0.8329028487205504,
                0.3748813271522522
            ],
            [
                -0.9133800864219667,
                -0.37123790383338934,
                0.16709050536155703
            ],
            [
                -1.2637983923370975e-17,
                -0.4104329645633697,
                -0.9118907451629638
            ]
        ],
        "fy": 1111.1110311937682,
        "fx": 1111.1110311937682
    },
    {
        "id": 53,
        "img_name": "r_53",
        "width": 800,
        "height": 800,
        "position": [
            -0.9610900282859802,
            1.6704311370849612,
            3.540616512298585
        ],
        "rotation": [
            [
