[
    {
        "id": 0,
        "img_name": "r_0",
        "width": 800,
        "height": 800,
        "position": [
            -0.053798321634531014,
            3.845470428466797,
            1.2080823183059688
        ],
        "rotation": [
            [
                -0.9999021887779236,
                -0.004192245192825795,
                0.013345719315111637
            ],
            [
                -0.0139886811375618,
                0.2996590733528138,
                -0.9539436697959901
            ],
            [
                -4.656612863959779e-10,
                -0.9540371894836427,
                -0.299688309431076
            ]
        ],
        "fy": 1111.1110311937682,
        "fx": 1111.1110311937682
    },
    {
        "id": 1,
        "img_name": "r_1",
        "width": 800,
        "height": 800,
        "position": [
            -1.398659110069275,
            3.5542497634887695,
            1.2888214588165285
        ],
        "rotation": [
            [
                -0.9305422306060791,
                -0.11707554012537003,
                0.34696459770202637
            ],
            [
                -0.36618456244468683,
                0.2975104153156281,
                -0.8817007541656495
            ],
            [
                7.450580601194883e-09,
                -0.9475130438804626,
                -0.31971722841262823
            ]
        ],
        "fy": 1111.1110311937682,
        "fx": 1111.1110311937682
    },
    {
        "id": 2,
        "img_name": "r_2",
        "width": 800,
        "height": 800,
        "position": [
            -3.385493516921996,
            -1.6727094650268557,
            1.4108426570892334
        ],
        "rotation": [
            [
                0.4429636299610138,
                -0.3137772083282471,
                0.8398374915122988
            ],
            [
                -0.8965396881103517,
                -0.15503148734569552,
                0.4149481058120728
            ],
            [
                6.169422200932136e-18,
                -0.9367545843124391,
                -0.3499869406223297
            ]
        ],
        "fy": 1111.1110311937682,
        "fx": 1111.1110311937682
    },
    {
        "id": 3,
        "img_name": "r_3",
        "width": 800,
        "height": 800,
        "position": [
            -1.2464345693588257,
            -1.6370664834976192,
            3.4664700031280518
        ],
        "rotation": [
            [
                0.7956318259239198,
                -0.5209260582923889,
                0.3092023432254791
            ],
            [
                -0.6057805418968201,
                -0.6841840147972105,
                0.40610620379447926
            ],
            [
                -1.4901161122225426e-08,
                -0.5104197859764098,
                -0.8599253892898561
            ]
        ],
        "fy": 1111.1110311937682,
        "fx": 1111.1110311937682
    },
    {
        "id": 4,
        "img_name": "r_4",
        "width": 800,
        "height": 800,
        "position": [
            2.886523008346558,
            2.513216972351074,
            1.26559317111969
        ],
        "rotation": [
            [
                -0.6566542387008667,
                0.2367822825908661,
                -0.7160581946372985
            ],
            [
                0.7541918158531189,
                0.20615987479686737,
                -0.623452365398407
            ],
            [
                -1.490116298144939e-08,
                -0.9494377970695496,
                -0.31395500898361206
            ]
        ],
        "fy": 1111.1110311937682,
        "fx": 1111.1110311937682
    },
    {
        "id": 5,
        "img_name": "r_5",
        "width": 800,
        "height": 800,
        "position": [
            -2.8906705379486084,
            0.3545424342155456,
            2.7871713638305664
        ],
        "rotation": [
            [
                -0.12173833698034285,
                -0.6862695217132568,
                0.7170870900154113
            ],
            [
                -0.992562174797058,
                0.08417136222124098,
                -0.08795115351676938
            ],
            [
                6.617804848757261e-18,
                -0.7224606275558472,
                -0.6914120912551881
            ]
        ],
        "fy": 1111.1110311937682,
        "fx": 1111.1110311937682
    },
    {
        "id": 6,
        "img_name": "r_6",
        "width": 800,
        "height": 800,
        "position": [
            2.2328019142150874,
            -1.9462224245071416,
            2.734376192092895
        ],
        "rotation": [
            [
                0.6570732593536378,
                0.5113321542739868,
                -0.5538899898529052
            ],
            [
                0.7538267374038697,
                -0.4457028508186341,
                0.48279836773872387
            ],
            [
                -1.4901161081343976e-08,
                -0.7347709536552431,
                -0.6783152222633363
            ]
        ],
        "fy": 1111.1110311937682,
        "fx": 1111.1110311937682
    },
    {
        "id": 7,
        "img_name": "r_7",
        "width": 800,
        "height": 800,
        "position": [
            -0.12979382276535031,
            -0.2752881646156311,
            4.019623279571533
        ],
        "rotation": [
            [
                0.9045065641403198,
                -0.4252426624298096,
                0.03219788148999214
            ],
            [
                -0.42645993828773493,
                -0.9019248485565187,
                0.0682905837893486
            ],
            [
                9.09308511541456e-18,
                -0.07550014555454253,
                -0.9971457123756409
            ]
        ],
        "fy": 1111.1110311937682,
        "fx": 1111.1110311937682
    },
    {
        "id": 8,
        "img_name": "r_8",
        "width": 800,
        "height": 800,
        "position": [
            -3.7495899200439458,
            -0.6077235937118531,
            1.3495359420776365
        ],
        "rotation": [
            [
                0.15998959541320804,
                -0.330466240644455,
                0.9301587939262391
            ],
            [
                -0.9871187806129457,
                -0.05356109514832497,
                0.15075767040252686
            ],
            [
                2.106635812160146e-18,
                -0.9422966837882997,
                -0.33477866649627686
            ]
        ],
        "fy": 1111.1110311937682,
        "fx": 1111.1110311937682
    },
    {
        "id": 9,
        "img_name": "r_9",
        "width": 800,
        "height": 800,
        "position": [
            -3.4902923107147217,
            0.8376882672309872,
            1.834703803062439
        ],
        "rotation": [
            [
                -0.23337772488594052,
                -0.44256603717803966,
                0.8658348917961122
            ],
            [
                -0.9723862409591674,
                0.10621813684701918,
                -0.20780485868453974
            ],
            [
                7.450581469546986e-09,
                -0.8904228806495668,
                -0.4551339745521546
            ]
        ],
        "fy": 1111.1110311937682,
        "fx": 1111.1110311937682
    },
    {
        "id": 10,
        "img_name": "r_10",
        "width": 800,
        "height": 800,
        "position": [
            -3.3551595211029053,
            -2.052626848220825,
            0.8829650878906251
        ],
        "rotation": [
            [
                0.521866738796234,
                -0.18684424459934237,
                0.8323126435279845
            ],
            [
                -0.8530270457267761,
                -0.11430796235799788,
                0.509194016456604
            ],
            [
                -7.450580615866436e-09,
                -0.9757166504859924,
                -0.2190366834402085
            ]
        ],
        "fy": 1111.1110311937682,
        "fx": 1111.1110311937682
    },
    {
        "id": 11,
        "img_name": "r_11",
        "width": 800,
        "height": 800,
        "position": [
            0.52907395362854,
            2.357914447784424,
            3.226502895355225
        ],
        "rotation": [
            [
                -0.9757387638092042,
                0.17523755133152008,
                -0.13124708831310272
            ],
            [
                0.2189383804798126,
                0.7809780836105346,
                -0.5849266052246094
            ],
            [
                -7.450581465480156e-09,
                -0.5994703769683837,
                -0.8003968596458436
            ]
        ],
        "fy": 1111.1110311937682,
        "fx": 1111.1110311937682
    },
    {
        "id": 12,
        "img_name": "r_12",
        "width": 800,
        "height": 800,
        "position": [
            -0.4875429272651673,
            1.991164684295655,
            3.470960140228272
        ],
        "rotation": [
            [
                -0.9713073372840881,
                -0.2047789543867111,
                0.12094451487064363
            ],
            [
                -0.23782765865325922,
                0.8363337516784667,
                -0.4939471483230592
            ],
            [
                7.450580569163639e-09,
                -0.5085384249687195,
                -0.8610392212867737
            ]
        ],
        "fy": 1111.1110311937682,
        "fx": 1111.1110311937682
    },
    {
        "id": 13,
        "img_name": "r_13",
        "width": 800,
        "height": 800,
        "position": [
            2.134881973266601,
            -3.3444597721099845,
            0.711946666240692
        ],
        "rotation": [
            [
                0.8429085016250611,
                0.09502744674682617,
                -0.5295989513397217
            ],
            [
                0.5380570292472838,
                -0.14886793494224546,
                0.8296582698822023
            ],
            [
                7.450582383549271e-09,
                -0.9842804074287413,
                -0.1766122132539749
            ]
        ],
        "fy": 1111.1110311937682,
        "fx": 1111.1110311937682
    },
    {
        "id": 14,
        "img_name": "r_14",
        "width": 800,
        "height": 800,
        "position": [
            -1.958509802818298,
            0.1245876550674438,
            3.521181106567382
        ],
        "rotation": [
            [
                -0.06348517537117004,
                -0.8717355132102965,
                0.48584654927253723
            ],
            [
                -0.9979828596115112,
                0.05545414239168167,
                -0.03090639598667621
            ],
            [
                9.50101116900739e-18,
                -0.48682850599288924,
                -0.8734976053237914
            ]
        ],
        "fy": 1111.1110311937682,
        "fx": 1111.1110311937682
    },
    {
        "id": 15,
        "img_name": "r_15",
        "width": 800,
        "height": 800,
        "position": [
            2.653816938400268,
            2.505865573883057,
            1.711109161376953
        ],
        "rotation": [
            [
                -0.6865485906600953,
                0.3086281418800355,
                -0.6583309769630432
            ],
            [
                0.7270838618278503,
                0.2914219796657562,
                -0.621628761291504
            ],
            [
                -3.5046130448733e-17,
                -0.9054401516914367,
                -0.4244739413261413
            ]
        ],
        "fy": 1111.1110311937682,
        "fx": 1111.1110311937682
    },
    {
        "id": 16,
        "img_name": "r_16",
        "width": 800,
        "height": 800,
        "position": [
            -3.189949989318847,
            -0.41941213607788086,
            2.4286444187164307
        ],
        "rotation": [
            [
                0.1303573101758957,
                -0.5973315834999084,
                0.7913291454315187
            ],
            [
                -0.9914670586585999,
                -0.07853669673204423,
                0.10404333472251893
            ],
            [
                7.450579718947326e-09,
                -0.7981396317481996,
                -0.6024724841117859
            ]
        ],
        "fy": 1111.1110311937682,
        "fx": 1111.1110311937682
    },
    {
        "id": 17,
        "img_name": "r_17",
        "width": 800,
        "height": 800,
        "position": [
            3.7242627143859863,
            -1.1142032146453857,
            1.066967248916626
        ],
        "rotation": [
            [
                0.2866219282150269,
                0.25357696413993847,
                -0.9238758683204651
            ],
            [
                0.9580436348915101,
                -0.07586367428302765,
                0.27639979124069214
            ],
            [
                -5.119607684884256e-18,
                -0.9643357992172242,
                -0.26468199491500854
            ]
        ],
        "fy": 1111.1110311937682,
        "fx": 1111.1110311937682
    },
    {
        "id": 18,
        "img_name": "r_18",
        "width": 800,
        "height": 800,
        "position": [
            0.9608983993530272,
            0.0941362679004669,
            3.913797616958617
        ],
        "rotation": [
            [
                -0.09750017523765565,
                0.9662679433822632,
                -0.23836953938007358
            ],
            [
                0.9952355623245239,
                0.09466230124235153,
                -0.023352332413196567
            ],
            [
                -1.8626453706909595e-09,
                -0.23951061069965363,
                -0.9708936214447021
            ]
        ],
        "fy": 1111.1110311937682,
        "fx": 1111.1110311937682
    },
    {
        "id": 19,
        "img_name": "r_19",
        "width": 800,
        "height": 800,
        "position": [
            3.168009519577026,
            -2.172286987304687,
            1.2226545810699463
        ],
        "rotation": [
            [
                0.5655173063278198,
                0.2501452565193177,
                -0.785886347293854
            ],
            [
                0.8247364163398743,
                -0.1715232580900192,
                0.5388780236244202
            ],
            [
                1.3738694546576583e-17,
                -0.9528940916061401,
                -0.30330324172973633
            ]
        ],
        "fy": 1111.1110311937682,
        "fx": 1111.1110311937682
    },
    {
        "id": 20,
        "img_name": "r_20",
        "width": 800,
        "height": 800,
        "position": [
            1.9119539260864256,
            -2.9874486923217765,
            1.9156154394149785
        ],
        "rotation": [
            [
                0.8422731161117554,
                0.25616011023521423,
                -0.4742973446846008
            ],
            [
                0.5390509963035583,
                -0.40025293827056885,
                0.7410947680473327
            ],
            [
                1.4901161160590722e-08,
                -0.8798747658729553,
                -0.47520565986633306
            ]
        ],
        "fy": 1111.1110311937682,
        "fx": 1111.1110311937682
    },
    {
        "id": 21,
        "img_name": "r_21",
        "width": 800,
        "height": 800,
        "position": [
            -0.7987216114997863,
            -1.6971794366836546,
            3.5681405067443857
        ],
        "rotation": [
            [
                0.9048085808753967,
                -0.3769117295742035,
                0.1981384307146072
            ],
            [
                -0.42581835389137274,
                -0.8008883595466614,
                0.4210183620452881
            ],
            [
                1.7316882504103988e-17,
                -0.46531215310096735,
                -0.8851466178894044
            ]
        ],
        "fy": 1111.1110311937682,
        "fx": 1111.1110311937682
    },
    {
        "id": 22,
        "img_name": "r_22",
        "width": 800,
        "height": 800,
        "position": [
            2.8507351875305176,
            1.4779094457626343,
            2.437025308609009
        ],
        "rotation": [
            [
                -0.4602559208869935,
                0.5367125868797302,
                -0.7071803212165833
            ],
            [
                0.8877863287925721,
                0.2782484292984008,
                -0.3666241765022278
            ],
            [
                -3.47878482627064e-18,
                -0.7965658903121948,
                -0.6045514941215515
            ]
        ],
        "fy": 1111.1110311937682,
        "fx": 1111.1110311937682
    },
    {
        "id": 23,
        "img_name": "r_23",
        "width": 800,
        "height": 800,
        "position": [
            -2.856171846389771,
            1.5105533599853516,
            2.4105000495910645
        ],
        "rotation": [
            [
                -0.4675160050392151,
                -0.5285975337028505,
                0.7085289359092714
            ],
            [
                -0.8839846849441527,
                0.2795611917972564,
                -0.37472212314605713
            ],
            [
                -1.684785284427051e-17,
                -0.8015173077583313,
                -0.5979713797569274
            ]
        ],
        "fy": 1111.1110311937682,
        "fx": 1111.1110311937682
    },
    {
        "id": 24,
        "img_name": "r_24",
        "width": 800,
        "height": 800,
        "position": [
            -2.1008365154266357,
            -2.5676472187042245,
            2.2899067401885986
        ],
        "rotation": [
            [
                0.77395224571228,
                -0.35971799492836,
                0.5211533904075623
            ],
            [
                -0.633243978023529,
                -0.43964815139770513,
                0.6369548439979555
            ],
            [
                4.95890510321619e-17,
                -0.8229899406433105,
                -0.5680559277534485
            ]
        ],
        "fy": 1111.1110311937682,
        "fx": 1111.1110311937682
    },
    {
        "id": 25,
        "img_name": "r_25",
        "width": 800,
        "height": 800,
        "position": [
            3.637409210205078,
            0.5946717858314513,
            1.632672309875488
        ],
        "rotation": [
            [
                -0.1613457202911377,
                0.3997095823287964,
                -0.9023301005363464
            ],
            [
                0.9868979454040527,
                0.06534761935472487,
                -0.14751990139484406
            ],
            [
                3.7252902968301527e-09,
                -0.9143095612525939,
                -0.4050161242485046
            ]
        ],
        "fy": 1111.1110311937682,
        "fx": 1111.1110311937682
    },
    {
        "id": 26,
        "img_name": "r_26",
        "width": 800,
        "height": 800,
        "position": [
            0.8770476579666137,
            3.8690884113311768,
            0.7148017883300781
        ],
        "rotation": [
            [
                -0.9752575159072876,
                0.03920060396194457,
                -0.2175687253475189
            ],
            [
                0.22107206284999853,
                0.17293314635753634,
                -0.9598026275634767
            ],
            [
                3.7252907482616215e-09,
                -0.9841530919075012,
                -0.17732048034667972
            ]
        ],
        "fy": 1111.1110311937682,
        "fx": 1111.1110311937682
    },
    {
        "id": 27,
        "img_name": "r_27",
        "width": 800,
        "height": 800,
        "position": [
            -0.42073559761047347,
            2.998076677322387,
            2.6616756916046143
        ],
        "rotation": [
            [
                -0.9902960658073424,
                -0.09176140278577806,
                0.10437164455652234
            ],
            [
                -0.1389733552932739,
                0.6538731455802919,
                -0.7437312006950378
            ],
            [
                2.7249393660850566e-18,
                -0.751019060611725,
                -0.6602804064750671
            ]
        ],
        "fy": 1111.1110311937682,
        "fx": 1111.1110311937682
    },
    {
        "id": 28,
        "img_name": "r_28",
        "width": 800,
        "height": 800,
        "position": [
            2.1117768287658687,
            -2.6780374050140376,
            2.1490728855133057
        ],
        "rotation": [
            [
                0.7852338552474976,
                0.33010709285736084,
                -0.5238673686981201
            ],
            [
                0.6191992759704589,
                -0.4186233878135683,
                0.664339303970337
            ],
            [
                -1.4901161168531718e-08,
                -0.8460399508476257,
                -0.5331193804740906
            ]
        ],
        "fy": 1111.1110311937682,
        "fx": 1111.1110311937682
    },
    {
        "id": 29,
        "img_name": "r_29",
        "width": 800,
        "height": 800,
        "position": [
            -1.611683011054993,
            -3.2011020183563232,
            1.845379233360291
        ],
        "rotation": [
            [
                0.8931812047958375,
                -0.2058631479740143,
                0.3998093008995056
            ],
            [
                -0.4496966898441314,
                -0.40888249874114985,
                0.7940956354141235
            ],
            [
                4.009342959427042e-17,
                -0.889064371585846,
                -0.45778220891952526
            ]
        ],
        "fy": 1111.1110311937682,
        "fx": 1111.1110311937682
    },
    {
        "id": 30,
        "img_name": "r_30",
        "width": 800,
        "height": 800,
        "position": [
            1.732287526130676,
            0.5184860825538633,
            3.60282564163208
        ],
        "rotation": [
            [
                -0.2867389023303985,
                0.8562213182449342,
                -0.42972761392593384
            ],
            [
                0.9580087661743164,
                0.2562731802463531,
                -0.12862055003643033
            ],
            [
                -2.6186139546110992e-17,
                -0.44856342673301697,
                -0.8937509655952453
            ]
        ],
        "fy": 1111.1110311937682,
        "fx": 1111.1110311937682
    },
    {
        "id": 31,
        "img_name": "r_31",
        "width": 800,
        "height": 800,
        "position": [
            -1.297195792198181,
            0.20353946089744562,
            3.811280012130737
        ],
        "rotation": [
            [
                -0.15501070022583008,
                -0.9340341687202454,
                0.3217946588993072
            ],
            [
                -0.9879127740859985,
                0.1465567648410797,
                -0.05049192532896994
            ],
            [
                -4.193247351823661e-18,
                -0.3257317543029785,
                -0.945462167263031
            ]
        ],
        "fy": 1111.1110311937682,
        "fx": 1111.1110311937682
    },
    {
        "id": 32,
        "img_name": "r_32",
        "width": 800,
        "height": 800,
        "position": [
            -3.939867734909058,
            -0.00024674835731275374,
            0.8529018759727476
        ],
        "rotation": [
            [
                6.262858369154856e-05,
                -0.21157889068126684,
                0.9773608446121216
            ],
            [
                -1.0,
                -1.3250886695459482e-05,
                6.121072510723023e-05
            ],
            [
                7.72444121785092e-22,
                -0.9773607850074767,
                -0.21157889068126673
            ]
        ],
        "fy": 1111.1110311937682,
        "fx": 1111.1110311937682
    },
    {
        "id": 33,
        "img_name": "r_33",
        "width": 800,
        "height": 800,
        "position": [
            1.6561487913131718,
            -1.8396297693252566,
            3.181655883789064
        ],
        "rotation": [
            [
                0.7431973218917847,
                0.5280798077583314,
                -0.41083991527557373
            ],
            [
                0.6690723896026611,
                -0.5865845680236816,
                0.4563559293746947
            ],
            [
                1.0891359046019452e-17,
                -0.6140441298484802,
                -0.7892715930938722
            ]
        ],
        "fy": 1111.1110311937682,
        "fx": 1111.1110311937682
    },
    {
        "id": 34,
        "img_name": "r_34",
        "width": 800,
        "height": 800,
        "position": [
            -2.247554063796997,
            2.600733995437622,
            2.1058690547943115
        ],
        "rotation": [
            [
                -0.7566120028495789,
                -0.3415797650814056,
                0.5575495362281799
            ],
            [
                -0.653864085674286,
                0.3952555060386657,
                -0.6451627016067505
            ],
            [
                5.530103101665678e-17,
                -0.8526995182037354,
                -0.5224018096923828
            ]
        ],
        "fy": 1111.1110311937682,
        "fx": 1111.1110311937682
    },
    {
        "id": 35,
        "img_name": "r_35",
        "width": 800,
        "height": 800,
        "position": [
            -3.3836936950683594,
            1.4670655727386477,
            1.6273707151412966
        ],
        "rotation": [
            [
                -0.3977896273136139,
                -0.3703862130641937,
                0.8393910527229308
            ],
            [
                -0.9174765944480897,
                0.16058807075023657,
                -0.3639341294765473
            ],
            [
                1.2746280976305308e-17,
                -0.914891004562378,
                -0.40370094776153564
            ]
        ],
        "fy": 1111.1110311937682,
        "fx": 1111.1110311937682
    },
    {
        "id": 36,
        "img_name": "r_36",
        "width": 800,
        "height": 800,
        "position": [
            1.7566769123077397,
            -2.091053724288941,
            2.9650602340698256
        ],
        "rotation": [
            [
                0.7656702995300293,
                0.4731244146823883,
                -0.43577790260314947
            ],
            [
                0.6432332396507264,
                -0.5631818175315858,
                0.5187265872955322
            ],
            [
                2.9802320574484705e-08,
                -0.6774803400039673,
                -0.7355409264564516
            ]
        ],
        "fy": 1111.1110311937682,
        "fx": 1111.1110311937682
    },
    {
        "id": 37,
        "img_name": "r_37",
        "width": 800,
        "height": 800,
        "position": [
            0.8783321380615235,
            0.4593953788280486,
            3.9073634147644043
        ],
        "rotation": [
            [
                -0.46346595883369446,
                0.8589088916778566,
                -0.2178873717784882
            ],
            [
                0.886114776134491,
                0.44923639297485346,
                -0.11396195739507675
            ],
            [
                -1.0723947022424863e-17,
                -0.24589067697525024,
                -0.969297468662262
            ]
        ],
        "fy": 1111.1110311937682,
        "fx": 1111.1110311937682
    },
    {
        "id": 38,
        "img_name": "r_38",
        "width": 800,
        "height": 800,
        "position": [
            -2.1007504463195796,
            3.0812499523162837,
            1.5306031703948972
        ],
        "rotation": [
            [
                -0.8262399435043335,
                -0.2138896435499191,
                0.5211319923400879
            ],
            [
                -0.5633181929588318,
                0.3137199878692627,
                -0.764363944530487
            ],
            [
                1.490115945237458e-08,
                -0.9251114130020142,
                -0.3796958923339843
            ]
        ],
        "fy": 1111.1110311937682,
        "fx": 1111.1110311937682
    },
    {
        "id": 39,
        "img_name": "r_39",
        "width": 800,
        "height": 800,
        "position": [
            -0.13960279524326324,
            1.694457054138184,
            3.6550412178039555
        ],
        "rotation": [
            [
                -0.9966232776641845,
                -0.07444921880960464,
                0.034631188958883286
            ],
            [
                -0.0821097195148468,
                0.9036424160003662,
                -0.4203430414199829
            ],
            [
                -6.904888388771409e-18,
                -0.4217672646045684,
                -0.9067041277885436
            ]
        ],
        "fy": 1111.1110311937682,
        "fx": 1111.1110311937682
    },
    {
        "id": 40,
        "img_name": "r_40",
        "width": 800,
        "height": 800,
        "position": [
            -3.3427348136901847,
            1.6285674571990965,
            1.5568854808807377
        ],
        "rotation": [
            [
                -0.43798154592514044,
                -0.3472017645835878,
                0.8292304277420044
            ],
            [
                -0.8989839553833008,
                0.1691553741693497,
                -0.40399786829948425
            ],
            [
                -1.4901161169714874e-08,
                -0.9224084019660952,
                -0.38621574640274065
            ]
        ],
        "fy": 1111.1110311937682,
        "fx": 1111.1110311937682
    },
    {
        "id": 41,
        "img_name": "r_41",
        "width": 800,
        "height": 800,
        "position": [
            -0.41710659861564636,
            3.929739952087403,
            0.7957176566123962
        ],
        "rotation": [
            [
                -0.994414210319519,
                -0.02083449251949787,
                0.10347140580415724
            ],
            [
                -0.10554812848567964,
                0.19629065692424777,
                -0.974848449230194
            ],
            [
                3.7252898509517375e-09,
                -0.9803244471549987,
                -0.1973932385444641
            ]
        ],
        "fy": 1111.1110311937682,
        "fx": 1111.1110311937682
    },
    {
        "id": 42,
        "img_name": "r_42",
        "width": 800,
        "height": 800,
        "position": [
            0.4743621945381164,
            3.950008630752563,
            0.6499325037002565
        ],
        "rotation": [
            [
                -0.9928660988807678,
                0.019224023446440697,
                -0.11767476797103882
            ],
            [
                0.11923471093177795,
                0.160078227519989,
                -0.9798764586448669
            ],
            [
                -1.8373585888136618e-18,
                -0.9869171380996705,
                -0.16122838854789737
            ]
        ],
        "fy": 1111.1110311937682,
        "fx": 1111.1110311937682
    },
    {
        "id": 43,
        "img_name": "r_43",
        "width": 800,
        "height": 800,
        "position": [
            1.9496005773544318,
            -1.4704318046569824,
            3.20731806755066
        ],
        "rotation": [
            [
                0.6021551489830017,
                0.6352204680442809,
                -0.4836363494396211
            ],
            [
                0.7983791828155518,
                -0.4790973067283631,
                0.3647691905498504
            ],
            [
                -1.4901162965543445e-08,
                -0.6057727932929992,
                -0.7956376075744629
            ]
        ],
        "fy": 1111.1110311937682,
        "fx": 1111.1110311937682
    },
    {
        "id": 44,
        "img_name": "r_44",
        "width": 800,
        "height": 800,
        "position": [
            -1.8393374681472778,
            -1.0502654314041138,
            3.429836750030517
        ],
        "rotation": [
            [
                0.4958596825599671,
                -0.7388697266578674,
                0.456283450126648
            ],
            [
                -0.8684027194976808,
                -0.42189612984657293,
                0.26053878664970404
            ],
            [
                -5.395076582386634e-17,
                -0.5254284143447876,
                -0.850837767124176
            ]
        ],
        "fy": 1111.1110311937682,
        "fx": 1111.1110311937682
    },
    {
        "id": 45,
        "img_name": "r_45",
        "width": 800,
        "height": 800,
        "position": [
            -2.589273452758789,
            1.7476580142974858,
            2.5478134155273438
        ],
        "rotation": [
            [
                -0.5594504475593569,
                -0.5238707065582277,
                0.6423196196556089
            ],
            [
                -0.8288636207580569,
                0.3535921573638916,
                -0.43354055285453813
            ],
            [
                -4.9379966895231386e-17,
                -0.774940013885498,
                -0.632034659385681
            ]
        ],
        "fy": 1111.1110311937682,
        "fx": 1111.1110311937682
    },
    {
        "id": 46,
        "img_name": "r_46",
        "width": 800,
        "height": 800,
        "position": [
            0.007521961349993942,
            -2.8307116031646724,
            2.870020151138306
        ],
        "rotation": [
            [
                0.9999964833259583,
                0.0018918740097433326,
                -0.0018659689230844376
            ],
            [
                0.0026572593487799163,
                -0.7119618654251099,
                0.7022131085395812
            ],
            [
                -1.0852738318101097e-19,
                -0.702215611934662,
                -0.7119643688201904
            ]
        ],
        "fy": 1111.1110311937682,
        "fx": 1111.1110311937682
    },
    {
        "id": 47,
        "img_name": "r_47",
        "width": 800,
        "height": 800,
        "position": [
            0.42152610421180736,
            0.9678280353546147,
            3.8904531002044687
        ],
        "rotation": [
            [
                -0.9168165326118469,
                0.3853738605976105,
                -0.10456775873899461
            ],
            [
                0.39930868148803716,
                0.8848220705986023,
                -0.24008858203887945
            ],
            [
                -7.450580611567082e-09,
                -0.2618719637393952,
                -0.9651026129722595
            ]
        ],
        "fy": 1111.1110311937682,
        "fx": 1111.1110311937682
    },
    {
        "id": 48,
        "img_name": "r_48",
        "width": 800,
        "height": 800,
        "position": [
            0.014908524230122568,
            -1.1474518775939944,
            3.864341020584107
        ],
        "rotation": [
            [
                0.9999156594276427,
                0.012454097159206865,
                -0.003698349464684725
            ],
            [
                0.012991628609597683,
                -0.9585440158843994,
                0.28464773297309875
            ],
            [
                4.528972226735507e-19,
                -0.2846718430519104,
                -0.9586249589920044
            ]
        ],
        "fy": 1111.1110311937682,
        "fx": 1111.1110311937682
    },
    {
        "id": 49,
        "img_name": "r_49",
        "width": 800,
        "height": 800,
        "position": [
            1.434301733970642,
            -0.578328251838684,
            3.7226758003234863
        ],
        "rotation": [
            [
                0.3739576041698456,
                0.8564795851707457,
                -0.35580646991729736
            ],
            [
                0.9274457693099974,
                -0.3453431725502014,
                0.14346557855606076
            ],
            [
                -8.309136061285959e-18,
                -0.3836412131786347,
                -0.9234821796417236
            ]
        ],
        "fy": 1111.1110311937682,
        "fx": 1111.1110311937682
    },
    {
        "id": 50,
        "img_name": "r_50",
        "width": 800,
        "height": 800,
        "position": [
            1.1368069648742676,
            2.9388873577117924,
            2.514082431793213
        ],
        "rotation": [
            [
                -0.9326563477516173,
                0.2249977886676788,
                -0.28200709819793696
            ],
            [
                0.3607658743858337,
                0.5816670060157776,
                -0.7290481925010682
            ],
            [
                1.6195608638433225e-17,
                -0.7816900014877319,
                -0.6236670613288879
            ]
        ],
        "fy": 1111.1110311937682,
        "fx": 1111.1110311937682
    },
    {
        "id": 51,
        "img_name": "r_51",
        "width": 800,
        "height": 800,
        "position": [
            -2.0656259059906,
            3.293685197830199,
            1.0652819871902466
        ],
        "rotation": [
            [
                -0.8471797108650208,
                -0.14040516316890717,
                0.5124186873435974
            ],
            [
                -0.5313065052032471,
                0.22387906908988947,
                -0.8170626759529112
            ],
            [
                7.45058061121519e-09,
                -0.9644504189491272,
                -0.26426392793655396
            ]
        ],
        "fy": 1111.1110311937682,
        "fx": 1111.1110311937682
    },
    {
        "id": 52,
        "img_name": "r_52",
        "width": 800,
        "height": 800,
        "position": [
            -3.0022840499877934,
            -2.0935845375061035,
            1.6891403198242188
        ],
        "rotation": [
            [
                0.5719918608665464,
                -0.3437084853649139,
                0.7447749376296998
            ],
            [
                -0.8202592730522154,
                -0.2396784275770187,
                0.5193543434143066
            ],
            [
                -1.4901160314573483e-08,
                -0.907975137233734,
                -0.41902410984039307
            ]
        ],
        "fy": 1111.1110311937682,
        "fx": 1111.1110311937682
    },
    {
        "id": 53,
        "img_name": "r_53",
        "width": 800,
        "height": 800,
        "position": [
            -3.886370897293091,
            -0.8260704278945922,
            0.6809762716293335
        ],
        "rotation": [
            [
