[{"id": 0, "img_name": "_DSC8679", "width": 4946, "height": 3286, "position": [-3.0026817933840073, 1.4007726437615275, -2.2284005560263305], "rotation": [[0.6356840663395591, -0.03804422066319289, 0.7710112872559864], [0.1589352827320079, 0.9838365806164537, -0.08249338484885187], [-0.7554107119341767, 0.17498062725643193, 0.6314558071472982]], "fy": 4627.300372546341, "fx": 4649.505977743847}, {"id": 1, "img_name": "_DSC8687", "width": 4946, "height": 3286, "position": [-3.210451527466955, 0.4288022508643672, 2.0500720221806525], "rotation": [[-0.3507801127255924, 0.02094398009472033, 0.936223617633102], [0.21591273986488782, 0.9746227786035045, 0.05909423145469673], [-0.9112271952044989, 0.22287168758049092, -0.3464003602693941]], "fy": 4627.300372546341, "fx": 4649.505977743847}, {"id": 2, "img_name": "_DSC8695", "width": 4946, "height": 3286, "position": [-0.01879624251899167, -0.19782204951891333, 4.405346391019566], "rotation": [[-0.9953674312474307, 0.05127120549683862, 0.08133228325082693], [0.0702769867786712, 0.9652866476837574, 0.2515607937115078], [-0.06561114189832598, 0.2561112088338859, -0.9644180767532534]], "fy": 4627.300372546341, "fx": 4649.505977743847}, {"id": 3, "img_name": "_DSC8703", "width": 4946, "height": 3286, "position": [3.53581448489535, 0.21167122796431212, 1.72553870508941], "rotation": [[-0.4379432075550934, 0.1346404166494319, -0.8888631532248501], [-0.1858211969061234, 0.9538128653926723, 0.23603283795225583], [0.8795886707641997, 0.26853859315913514, -0.3926968223036448]], "fy": 4627.300372546341, "fx": 4649.505977743847}, {"id": 4, "img_name": "_DSC8711", "width": 4946, "height": 3286, "position": [3.0962633641916417, 1.1746545026650796, -2.4506964046336295], "rotation": [[0.6276456611178438, 0.12904299708649497, -0.7677296587880916], [-0.17893515267135843, 0.9836763384675397, 0.019054455583200892], [0.7576563437459112, 0.12541437733381844, 0.6404905141682804]], "fy": 4627.300372546341, "fx": 4649.505977743847}, {"id": 5, "img_name": "_DSC8719", "width": 4946, "height": 3286, "position": [-0.04774771700919393, 1.3736281210574213, -3.791160728184646], "rotation": [[0.9823201700242411, -0.012188056404746963, 0.18681149548307044], [0.03363250900107312, 0.9931324589140686, -0.11205700955133846], [-0.18416280270955715, 0.11635879997821706, 0.9759839608137986]], "fy": 4627.300372546341, "fx": 4649.505977743847}, {"id": 6, "img_name": "_DSC8727", "width": 4946, "height": 3286, "position": [-2.9416041118110456, 0.7734839764361524, -1.4627972184811224], "rotation": [[0.4707193770825136, -0.13666297110523165, 0.8716343845717313], [0.19854321338522743, 0.9789990943647878, 0.04627489223751334], [-0.8596533373736871, 0.15127460316132393, 0.487967349297743]], "fy": 4627.300372546341, "fx": 4649.505977743847}, {"id": 7, "img_name": "_DSC8735", "width": 4946, "height": 3286, "position": [-2.998984420714988, -0.128058745543832, 1.5083195202859232], "rotation": [[-0.30117133052382206, -0.25186753231963716, 0.9197057006639283], [0.19217326770136053, 0.928666228731101, 0.31725143151030094], [-0.9340049597574371, 0.27228988555870104, -0.2312854370057431]], "fy": 4627.300372546341, "fx": 4649.505977743847}, {"id": 8, "img_name": "_DSC8744", "width": 4946, "height": 3286, "position": [-0.8339445480130099, -0.6720405566037145, 3.891401361049416], "rotation": [[-0.9605828143732398, -0.05038907977749695, 0.27338909519211313], [0.07720676495952923, 0.8963900388262042, 0.4364905654623476], [-0.26705761957912605, 0.4403928234341848, -0.8571664884329047]], "fy": 4627.300372546341, "fx": 4649.505977743847}, {"id": 9, "img_name": "_DSC8752", "width": 4946, "height": 3286, "position": [2.6309284656864853, -0.6254955747548786, 2.994616546091933], "rotation": [[-0.7716846015858897, 0.20503272177093784, -0.6020502127550719], [-0.1283140580745234, 0.8769568464840904, 0.4631222213467275], [0.6229272655580859, 0.4346357928287552, -0.6504255141186]], "fy": 4627.300372546341, "fx": 4649.505977743847}, {"id": 10, "img_name": "_DSC8760", "width": 4946, "height": 3286, "position": [3.677574746802813, 0.2600193911861601, -0.6412306531846259], "rotation": [[0.16405192832599594, 0.2991686461432959, -0.9399920669757322], [-0.23926002984441766, 0.936515951288003, 0.256305503456276], [0.9569961352750441, 0.18285511791556228, 0.22521634692161038]], "fy": 4627.300372546341, "fx": 4649.505977743847}, {"id": 11, "img_name": "_DSC8768", "width": 4946, "height": 3286, "position": [2.0409301326347884, 1.229783294990366, -3.479506330113202], "rotation": [[0.9256566595017034, 0.09616188988027535, -0.3659407597614693], [-0.10180449213948234, 0.9947967984507644, 0.003895532355295559], [0.3644112979867249, 0.033648487733669, 0.9306299936993583]], "fy": 4627.300372546341, "fx": 4649.505977743847}, {"id": 12, "img_name": "_DSC8776", "width": 4946, "height": 3286, "position": [-1.7459054255695603, 0.6038640646024978, -2.649488014528961], "rotation": [[0.7981536214216349, -0.1713427486329422, 0.577574635092676], [0.1537414924394375, 0.9848899569089093, 0.07972030031592443], [-0.5825069528460788, 0.02516813999633612, 0.8124359757021479]], "fy": 4627.300372546341, "fx": 4649.505977743847}, {"id": 13, "img_name": "_DSC8784", "width": 4946, "height": 3286, "position": [-3.1096043299001632, -0.5993687007970107, 0.7820565860512813], "rotation": [[-0.09783184136145126, -0.3657140602481238, 0.9255712597918428], [0.21564646082328862, 0.9001463017730378, 0.37846167486115817], [-0.9715583022908186, 0.2366217689502696, -0.009198027431333983]], "fy": 4627.300372546341, "fx": 4649.505977743847}, {"id": 14, "img_name": "_DSC8792", "width": 4946, "height": 3286, "position": [-0.952917913589175, -1.314866528720216, 3.2673195053769386], "rotation": [[-0.9317983818630535, -0.15258225659729718, 0.3293484940440305], [0.08598119640703694, 0.7887475141621214, 0.6086744554911834], [-0.35264572792224314, 0.5954796502608218, -0.7218344524220491]], "fy": 4627.300372546341, "fx": 4649.505977743847}, {"id": 15, "img_name": "_DSC8800", "width": 4946, "height": 3286, "position": [3.1862176801652593, -0.8581904914879042, 0.9391491691680702], "rotation": [[-0.36420245171574966, 0.4520246741995353, -0.8142667057414547], [-0.20017163045445371, 0.8158874258804177, 0.5424564744303741], [0.9095536776493414, 0.3605570720496681, -0.20666568478953593]], "fy": 4627.300372546341, "fx": 4649.505977743847}, {"id": 16, "img_name": "_DSC8808", "width": 4946, "height": 3286, "position": [1.5344380516824805, 0.3985438728918007, -3.834506528878002], "rotation": [[0.965560500217301, 0.09529014076873986, -0.24210061852954717], [-0.06624183047923406, 0.9898888242225001, 0.12542781021032176], [0.2516047303110098, -0.10507095103628701, 0.9621097416269383]], "fy": 4627.300372546341, "fx": 4649.505977743847}, {"id": 17, "img_name": "_DSC8816", "width": 4946, "height": 3286, "position": [-2.475608673658639, -0.06923291556491579, -1.791433546347891], "rotation": [[0.5239327704549693, -0.3974705313422568, 0.7533336769041222], [0.207194707200944, 0.9173511249964249, 0.33990773273891345], [-0.8261748031447674, -0.022002049502206047, 0.5629841067618223]], "fy": 4627.300372546341, "fx": 4649.505977743847}, {"id": 18, "img_name": "_DSC8824", "width": 4946, "height": 3286, "position": [-2.8772561484206767, -1.246218041878488, 1.0526349531235348], "rotation": [[-0.20323770410579323, -0.5124440261222553, 0.8343234119461225], [0.2048966292712733, 0.8109820260360647, 0.5480196390273894], [-0.9574506812066488, 0.28232830807068077, -0.0598240713999839]], "fy": 4627.300372546341, "fx": 4649.505977743847}, {"id": 19, "img_name": "_DSC8832", "width": 4946, "height": 3286, "position": [-0.28180918645405423, -1.9493218091692217, 3.639553624719749], "rotation": [[-0.965832820255745, -0.13087046310355377, 0.22369596599826194], [0.04721591756361873, 0.7598391430149326, 0.6483942734717498], [-0.2548286099429571, 0.6368024800747829, -0.727698413441411]], "fy": 4627.300372546341, "fx": 4649.505977743847}, {"id": 20, "img_name": "_DSC8840", "width": 4946, "height": 3286, "position": [2.9535131313750775, -1.5335104582354473, 1.5896027449202412], "rotation": [[-0.5868268375120194, 0.5032686265144546, -0.6343145531531622], [-0.1445394989681024, 0.7056922105187509, 0.6936186540536585], [0.796707346529258, 0.498717548898586, -0.34137693303282013]], "fy": 4627.300372546341, "fx": 4649.505977743847}, {"id": 21, "img_name": "_DSC8848", "width": 4946, "height": 3286, "position": [2.5906679841368923, -0.3655513443938091, -3.1794456915245877], "rotation": [[0.8230523191218231, 0.27824429365487385, -0.4951413869155851], [-0.13747628256309855, 0.943454330352105, 0.30165244615698444], [0.5510763574322708, -0.1802055481619854, 0.8147642657178936]], "fy": 4627.300372546341, "fx": 4649.505977743847}, {"id": 22, "img_name": "_DSC8856", "width": 4946, "height": 3286, "position": [-1.648540115407178, -0.384465828522529, -2.6847296487167394], "rotation": [[0.7759354375159196, -0.30122238872346596, 0.55424657810284], [0.1147593035469094, 0.9313680548275094, 0.34551967917363247], [-0.6202858204540925, -0.20449601213361304, 0.757249550653576]], "fy": 4627.300372546341, "fx": 4649.505977743847}, {"id": 23, "img_name": "_DSC8864", "width": 4946, "height": 3286, "position": [0.8715746555277917, -1.6969372646444496, 2.382683628214573], "rotation": [[-0.9761070144919931, 0.15812419536527036, -0.14903635495949913], [-0.023202434175706634, 0.6061155084406057, 0.7950381358627447], [0.2160480115804124, 0.7795003074199981, -0.5879647331467068]], "fy": 4627.300372546341, "fx": 4649.505977743847}, {"id": 24, "img_name": "_DSC8872", "width": 4946, "height": 3286, "position": [-1.1920943378316373, -0.6418308463357005, -2.1343629939776942], "rotation": [[0.7794488871098196, -0.3562024423327124, 0.5153438196577839], [0.13757257657564403, 0.8998647987762984, 0.4139047355341935], [-0.6111736402673159, -0.2517204083889558, 0.7504023037297359]], "fy": 4627.300372546341, "fx": 4649.505977743847}, {"id": 25, "img_name": "_DSC8680", "width": 4946, "height": 3286, "position": [-3.0494210706798275, 1.6889305417572757, -2.2122086936789054], "rotation": [[0.6091377843835456, 0.22589912905207454, 0.7602109859307606], [0.1589273115969446, 0.9043587287285607, -0.39607751690929066], [-0.7769770069087456, 0.36208406933470005, 0.5149775310332979]], "fy": 4627.300372546341, "fx": 4649.505977743847}, {"id": 26, "img_name": "_DSC8681", "width": 4946, "height": 3286, "position": [-3.519855447051303, 1.3154964459287442, -1.367224896771745], "rotation": [[0.43928982525506416, 0.014815156739587335, 0.8982232242366909], [0.24268435853732429, 0.9607313504325657, -0.13453465879596233], [-0.8649443632677786, 0.2770844337504365, 0.41844410023860695]], "fy": 4627.300372546341, "fx": 4649.505977743847}, {"id": 27, "img_name": "_DSC8682", "width": 4946, "height": 3286, "position": [-3.591156264748581, 1.4989298737254975, -1.3566398311746797], "rotation": [[0.47017285890297983, 0.3454457682158322, 0.8121605161375256], [0.20158396745732607, 0.8538598926582933, -0.4798824728761529], [-0.8592446606265076, 0.38934625326480454, 0.33182541833544993]], "fy": 4627.300372546341, "fx": 4649.505977743847}, {"id": 28, "img_name": "_DSC8683", "width": 4946, "height": 3286, "position": [-3.7067829987449086, 1.0691173262497322, -0.21155858201912806], "rotation": [[0.17296399745884256, -0.0051311780266114606, 0.9849147813872613], [0.23927869062128257, 0.9702470012351665, -0.03696572478298074], [-0.9554209353984356, 0.2420628587913184, 0.16904558141564122]], "fy": 4627.300372546341, "fx": 4649.505977743847}, {"id": 29, "img_name": "_DSC8684", "width": 4946, "height": 3286, "position": [-3.7646760655569613, 1.1940236363392691, -0.19473417523469638], "rotation": [[0.1881739179233217, 0.40904826683151335, 0.8928998219372215], [0.22874197390347745, 0.8658865416704231, -0.4448793165890898], [-0.9551270522753127, 0.2879583517736024, 0.0693707550463624]], "fy": 4627.300372546341, "fx": 4649.505977743847}, {"id": 30, "img_name": "_DSC8685", "width": 4946, "height": 3286, "position": [-3.560423209612234, 0.7703980387357713, 0.9903767514336348], "rotation": [[-0.093748213402152, 0.05783514859189699, 0.9939146684053201], [0.22021428999069306, 0.9747887886808241, -0.035951132750812895], [-0.9709361147716152, 0.21550385854904047, -0.10412083356694601]], "fy": 4627.300372546341, "fx": 4649.505977743847}, {"id": 31, "img_name": "_DSC8686", "width": 4946, "height": 3286, "position": [-3.644599218679349, 0.949343179203205, 1.0465376352703728], "rotation": [[-0.11838282149602859, 0.43098853545202387, 0.8945582093321589], [0.19808503909517758, 0.8930358588595771, -0.40404117621549346], [-0.9730096735702586, 0.12936706342750856, -0.19109248556351338]], "fy": 4627.300372546341, "fx": 4649.505977743847}, {"id": 32, "img_name": "_DSC8688", "width": 4946, "height": 3286, "position": [-3.2460165677129167, 0.6481258013673803, 2.148316759174018], "rotation": [[-0.3302385459958709, 0.3906684462212507, 0.8592558803206453], [0.22031032050389188, 0.9170861872254663, -0.33228946399145665], [-0.9178267077275567, 0.0795681489500093, -0.38892549961999606]], "fy": 4627.300372546341, "fx": 4649.505977743847}, {"id": 33, "img_name": "_DSC8689", "width": 4946, "height": 3286, "position": [-2.644135950669447, 0.27541779200456656, 2.8557679697739418], "rotation": [[-0.5592310438974878, 0.011338617423203027, 0.8289343009528897], [0.1908830179033078, 0.9748007716327469, 0.11544318559502031], [-0.8067368300861509, 0.22278889420061113, -0.5473032026248498]], "fy": 4627.300372546341, "fx": 4649.505977743847}, {"id": 34, "img_name": "_DSC8690", "width": 4946, "height": 3286, "position": [-2.6835012220103254, 0.5034338711996924, 2.9333147930170753], "rotation": [[-0.573491457974357, 0.4152920129103454, 0.7061445260308399], [0.17124981250586488, 0.9037107105495588, -0.39240343188447985], [-0.8011123824702451, -0.10411289858074746, -0.5893890523261885]], "fy": 4627.300372546341, "fx": 4649.505977743847}, {"id": 35, "img_name": "_DSC8691", "width": 4946, "height": 3286, "position": [-1.8863378947424017, 0.004265649819519889, 3.583077384056465], "rotation": [[-0.7993593030512501, -0.015537742998910028, 0.6006523813054593], [0.12861682237943678, 0.9720697524901222, 0.19631125615921521], [-0.5869262454741955, 0.2341772295426958, -0.7750345847362372]], "fy": 4627.300372546341, "fx": 4649.505977743847}, {"id": 36, "img_name": "_DSC8692", "width": 4946, "height": 3286, "position": [-1.960168557133962, 0.18426157499621174, 3.686391359933363], "rotation": [[-0.7624678754238005, 0.26081007492181885, 0.592132454579202], [0.15390958871633176, 0.9620002813829767, -0.2255377953254029], [-0.628454117217705, -0.08083046107965097, -0.7736354820674692]], "fy": 4627.300372546341, "fx": 4649.505977743847}, {"id": 37, "img_name": "_DSC8693", "width": 4946, "height": 3286, "position": [-1.143778300180749, -0.0741658023655823, 3.9872045235497215], "rotation": [[-0.9128851804544904, -0.00874890578204241, 0.40812265797697206], [0.1107396863139497, 0.9569727402441576, 0.26821613729355653], [-0.39290885607435677, 0.29004591201602015, -0.8726373815859222]], "fy": 4627.300372546341, "fx": 4649.505977743847}, {"id": 38, "img_name": "_DSC8694", "width": 4946, "height": 3286, "position": [-1.1788513112594192, 0.14143772264023638, 4.153511142932496], "rotation": [[-0.9027984433097609, 0.1767796054852527, 0.39205094291679815], [0.1046634849588745, 0.9745159649523718, -0.19840410522267704], [-0.41713370239497016, -0.13808549937421394, -0.8982938657192524]], "fy": 4627.300372546341, "fx": 4649.505977743847}, {"id": 39, "img_name": "_DSC8696", "width": 4946, "height": 3286, "position": [-0.011741195554538475, 0.04224815896672802, 4.529472643536322], "rotation": [[-0.9996861077815345, -0.007157594051052915, -0.024009472214249546], [-0.0005449719434616832, 0.9643076225042815, -0.26478389714203], [0.025047732715503986, -0.26468769904840794, -0.9640088345333108]], "fy": 4627.300372546341, "fx": 4649.505977743847}, {"id": 40, "img_name": "_DSC8697", "width": 4946, "height": 3286, "position": [1.3313249563630591, -0.2844427434813263, 4.219606449324448], "rotation": [[-0.9493027910571329, 0.06827421233432243, -0.3068596467788901], [-0.026589554267470145, 0.9551945268689265, 0.29478197272476636], [0.31323666211826906, 0.2879966106914725, -0.9049534494852371]], "fy": 4627.300372546341, "fx": 4649.505977743847}, {"id": 41, "img_name": "_DSC8698", "width": 4946, "height": 3286, "position": [1.4084438225036209, -0.08030060233409524, 4.370087693218228], "rotation": [[-0.9468677139862612, -0.14654413995938248, -0.2862976549921372], [-0.06312487508920352, 0.957527456782548, -0.2813475069242987], [0.31536769389936625, -0.248326367007434, -0.9159024146127602]], "fy": 4627.300372546341, "fx": 4649.505977743847}, {"id": 42, "img_name": "_DSC8699", "width": 4946, "height": 3286, "position": [2.4448821993503307, -0.16638733709773793, 3.511486613377408], "rotation": [[-0.8145111193781568, 0.08129759071354378, -0.5744234832886923], [-0.08244891676352246, 0.9638616020863849, 0.25332387994026356], [0.5742593599880311, 0.253695710976044, -0.7783730941511889]], "fy": 4627.300372546341, "fx": 4649.505977743847}, {"id": 43, "img_name": "_DSC8700", "width": 4946, "height": 3286, "position": [2.4978703152138024, 0.08040303741880135, 3.6514363215421515], "rotation": [[-0.8311611307663319, -0.2331011754862766, -0.5048118626678153], [-0.10248467764864562, 0.9565517413163767, -0.27295724396297144], [0.5465053206973253, -0.17513597052440133, -0.8189379257782545]], "fy": 4627.300372546341, "fx": 4649.505977743847}, {"id": 44, "img_name": "_DSC8701", "width": 4946, "height": 3286, "position": [3.1856995020021976, 0.07385085055292721, 2.6309580991019077], "rotation": [[-0.6613952451356383, 0.0901214981882838, -0.7446035490623639], [-0.12463149105116064, 0.965747982947108, 0.22759135500268152], [0.7396102494897793, 0.2433288905943791, -0.6275091472255805]], "fy": 4627.300372546341, "fx": 4649.505977743847}, {"id": 45, "img_name": "_DSC8702", "width": 4946, "height": 3286, "position": [3.218521642673295, 0.3309644607762086, 2.689409070538485], "rotation": [[-0.6304793649476182, -0.3038625107585632, -0.714257198025158], [-0.1716404518769953, 0.9519883614545607, -0.25349105493985635], [0.7569909680139575, -0.03722545111294786, -0.6523641162224733]], "fy": 4627.300372546341, "fx": 4649.505977743847}, {"id": 46, "img_name": "_DSC8704", "width": 4946, "height": 3286, "position": [3.587107465429984, 0.42918429681167825, 1.759018747101287], "rotation": [[-0.4095717580719535, -0.45322571168684656, -0.7917306544878758], [-0.20433168480552807, 0.8913871481041719, -0.40457077845445755], [0.8891004091633201, -0.00392510645243992, -0.4576953746379282]], "fy": 4627.300372546341, "fx": 4649.505977743847}, {"id": 47, "img_name": "_DSC8705", "width": 4946, "height": 3286, "position": [3.7338132780277644, 0.34737075838915393, 0.6218597987009847], "rotation": [[-0.16590926683621443, 0.11918243775260409, -0.9789124893008652], [-0.2237119452296034, 0.9622405432194573, 0.1550680577885417], [0.9604306746139759, 0.24472164496846255, -0.1329820880587797]], "fy": 4627.300372546341, "fx": 4649.505977743847}, {"id": 48, "img_name": "_DSC8706", "width": 4946, "height": 3286, "position": [3.8153583549338768, 0.8196950692957214, 0.7660948408440762], "rotation": [[-0.1508553186940155, -0.1981736634469049, -0.9684884469820795], [-0.27277085792318895, 0.950011017176681, -0.15190499106604516], [0.950178263216737, 0.24125974873351896, -0.1973702149552077]], "fy": 4627.300372546341, "fx": 4649.505977743847}, {"id": 49, "img_name": "_DSC8707", "width": 4946, "height": 3286, "position": [3.8375405200125643, 0.6443683475821862, -0.42165450332704985], "rotation": [[0.08542226661698933, 0.1393858049697338, -0.9865468228821961], [-0.24023680980129872, 0.963833397817643, 0.11537528534219], [0.9669484534257814, 0.22714924306331394, 0.11581843460025235]], "fy": 4627.300372546341, "fx": 4649.505977743847}, {"id": 50, "img_name": "_DSC8708", "width": 4946, "height": 3286, "position": [3.8924433753026193, 1.0169465733509533, -0.35728555992974076], "rotation": [[0.10435453994932226, -0.28168906598124127, -0.9538141328888877], [-0.24647357734965245, 0.921807239586735, -0.29920258808029776], [0.9635148704926302, 0.266313129890547, 0.026765858616349624]], "fy": 4627.300372546341, "fx": 4649.505977743847}, {"id": 51, "img_name": "_DSC8709", "width": 4946, "height": 3286, "position": [3.5528245746111606, 0.8828409988686645, -1.5148317579632908], "rotation": [[0.38630998802315697, 0.08696870614915177, -0.9182597874808035], [-0.20616310944500407, 0.9784996009858908, 0.005941647449961915], [0.899033573042473, 0.18701597531011852, 0.3959339080216413]], "fy": 4627.300372546341, "fx": 4649.505977743847}, {"id": 52, "img_name": "_DSC8710", "width": 4946, "height": 3286, "position": [3.7248032792155574, 1.370858644110892, -1.4586478253900486], "rotation": [[0.3897544897152772, -0.2080473515651137, -0.8971107720084102], [-0.24898148895309344, 0.9140635105962673, -0.3201501472046018], [0.8866226118848337, 0.34814393302651353, 0.3044604177743733]], "fy": 4627.300372546341, "fx": 4649.505977743847}, {"id": 53, "img_name": "_DSC8712", "width": 4946, "height": 3286, "position": [3.2236067466708764, 1.6860125110936266, -2.435186662404701], "rotation": [[0.6645470584596853, -0.17205693264870794, -0.7271682192038497], [-0.21107821357085196, 0.8902765625730819, -0.4035512729366561], [0.7168146167931545, 0.4216681800427627, 0.5553132008975716]], "fy": 4627.300372546341, "fx": 4649.505977743847}, {"id": 54, "img_name": "_DSC8713", "width": 4946, "height": 3286, "position": [2.548471641608698, 1.2119729384217404, -2.9192600564203044], "rotation": [[0.7869279745427682, 0.11620350464362045, -0.6060042148290361], [-0.14846127575693288, 0.9889131827270776, -0.003156996868107285], [0.5989187027323829, 0.09245248799865464, 0.7954551684288803]], "fy": 4627.300372546341, "fx": 4649.505977743847}, {"id": 55, "img_name": "_DSC8714", "width": 4946, "height": 3286, "position": [2.644245394456336, 1.7868238650655766, -2.9537045437733416], "rotation": [[0.8287144969363194, -0.1433143274987254, -0.5410113548726782], [-0.1662106095446354, 0.8600256858429651, -0.4824208255922813], [0.5344214777143446, 0.4897109588562682, 0.6888953918656233]], "fy": 4627.300372546341, "fx": 4649.505977743847}, {"id": 56, "img_name": "_DSC8715", "width": 4946, "height": 3286, "position": [1.887818157552948, 1.342544941186961, -3.500992142319407], "rotation": [[0.9332253784423997, 0.06951593351356002, -0.3525023801604439], [-0.09792402300948856, 0.9931732293722567, -0.06338629328112], [0.34568956991595357, 0.09367214872106493, 0.9336617427126923]], "fy": 4627.300372546341, "fx": 4649.505977743847}, {"id": 57, "img_name": "_DSC8716", "width": 4946, "height": 3286, "position": [1.8948319293438112, 1.9230888824946903, -3.483076559005175], "rotation": [[0.9426279270956568, -0.058760198937112526, -0.3286332759782795], [-0.13516637779956703, 0.8329219574708981, -0.5366293535350001], [0.30525831908711315, 0.5502619846797691, 0.7771930949541382]], "fy": 4627.300372546341, "fx": 4649.505977743847}, {"id": 58, "img_name": "_DSC8717", "width": 4946, "height": 3286, "position": [0.8191621615009701, 1.368532301462036, -3.833658675648375], "rotation": [[0.9988133743996495, 0.01642737474482136, -0.045847404281798135], [-0.02260771790725109, 0.9902125679893213, -0.137724221860281], [0.043136228525586184, 0.13859729995561584, 0.989408941860544]], "fy": 4627.300372546341, "fx": 4649.505977743847}, {"id": 59, "img_name": "_DSC8718", "width": 4946, "height": 3286, "position": [0.8438213337867752, 2.00892994812942, -3.8730366234455533], "rotation": [[0.9946646210725802, 0.035729020925501294, -0.09677669476813955], [-0.07966437417923466, 0.8620487804665083, -0.5005252117354693], [0.06554295593861666, 0.5055643748919723, 0.8602957536608662]], "fy": 4627.300372546341, "fx": 4649.505977743847}, {"id": 60, "img_name": "_DSC8720", "width": 4946, "height": 3286, "position": [-0.10055242105458756, 1.940798676725724, -3.8452022444763103], "rotation": [[0.9854632361938677, 0.08275599945232841, 0.1483699924680036], [0.02147384198281848, 0.8056547515637379, -0.5919960265012499], [-0.16852621226624112, 0.5865763938630825, 0.7921660494755981]], "fy": 4627.300372546341, "fx": 4649.505977743847}, {"id": 61, "img_name": "_DSC8721", "width": 4946, "height": 3286, "position": [-1.0000673465935142, 1.3030275123119877, -3.4104379878670397], "rotation": [[0.8962011955455542, -0.05612752092590834, 0.4400830813578626], [0.10143408885828518, 0.9916127615186084, -0.08009529830725888], [-0.43189644907108105, 0.11642092848002457, 0.8943777863361994]], "fy": 4627.300372546341, "fx": 4649.505977743847}, {"id": 62, "img_name": "_DSC8722", "width": 4946, "height": 3286, "position": [-1.128484549537439, 1.9285591279061078, -3.4179263543513234], "rotation": [[0.8899216488775052, 0.1847545179749408, 0.4170194563170761], [0.06814344615069778, 0.8501727869342872, -0.5220753806713111], [-0.4509943786854216, 0.49302332647070035, 0.743997358832621]], "fy": 4627.300372546341, "fx": 4649.505977743847}, {"id": 63, "img_name": "_DSC8723", "width": 4946, "height": 3286, "position": [-1.821551022582069, 1.6528517402970162, -2.8956686708910437], "rotation": [[0.7880552223244439, 0.02281593682653499, 0.6151815988745912], [0.1316025961074189, 0.9699672387482756, -0.204558823942731], [-0.6013731979935243, 0.2421631449700247, 0.7613851114602045]], "fy": 4627.300372546341, "fx": 4649.505977743847}, {"id": 64, "img_name": "_DSC8724", "width": 4946, "height": 3286, "position": [-1.8502822053511752, 1.9591152213463157, -2.868289675558822], "rotation": [[0.7758670460244373, 0.21738372142187073, 0.5922623105973335], [0.13327770531330096, 0.8611019699735718, -0.4906530857684019], [-0.6166582361079227, 0.45961692197787096, 0.6391282382056459]], "fy": 4627.300372546341, "fx": 4649.505977743847}, {"id": 65, "img_name": "_DSC8725", "width": 4946, "height": 3286, "position": [-2.351069297311107, 1.0796644513717537, -2.1374786725806088], "rotation": [[0.6799932782045146, -0.013426493935922403, 0.7330954036530758], [0.1585635842971564, 0.978865572097905, -0.12915022840196505], [-0.7158678169407505, 0.20406352202691636, 0.6677509622954161]], "fy": 4627.300372546341, "fx": 4649.505977743847}, {"id": 66, "img_name": "_DSC8726", "width": 4946, "height": 3286, "position": [-2.5155815189231525, 1.7517381242432013, -2.1044137932127716], "rotation": [[0.6447601340611959, 0.3007101344075036, 0.7027501580149305], [0.1586195282535949, 0.8467188538935744, -0.5078454762206304], [-0.7477460897804789, 0.4389084158748531, 0.4982320620877699]], "fy": 4627.300372546341, "fx": 4649.505977743847}, {"id": 67, "img_name": "_DSC8728", "width": 4946, "height": 3286, "position": [-3.02875274967242, 1.0859386384756646, -1.4490061601949855], "rotation": [[0.44447458722611827, 0.2358198474483467, 0.8641940412081135], [0.2391343422080054, 0.8984804061458826, -0.3681680678014793], [-0.8632827507178148, 0.37029982355028024, 0.3429590835532936]], "fy": 4627.300372546341, "fx": 4649.505977743847}, {"id": 68, "img_name": "_DSC8729", "width": 4946, "height": 3286, "position": [-3.189785782684506, 0.6354553091168461, -0.7395355943379056], "rotation": [[0.2830354441809914, -0.2094035330884226, 0.9359706713713604], [0.22652451052675843, 0.9628610500467236, 0.14691917653435715], [-0.9319750980943008, 0.17043696381069154, 0.31995883781997897]], "fy": 4627.300372546341, "fx": 4649.505977743847}, {"id": 69, "img_name": "_DSC8730", "width": 4946, "height": 3286, "position": [-3.332220745441086, 0.9108239535182283, -0.7009760877979787], "rotation": [[0.3270816442860891, 0.26396858751669966, 0.9073798448144784], [0.2115722559251554, 0.9153645237227477, -0.3425565197636266], [-0.9210074801508665, 0.30402035049362375, 0.24355050398610412]], "fy": 4627.300372546341, "fx": 4649.505977743847}, {"id": 70, "img_name": "_DSC8731", "width": 4946, "height": 3286, "position": [-3.3063184395576473, 0.42041216844505297, -0.11148275601726841], "rotation": [[0.15188634980046245, -0.20674270546020884, 0.9665340089636192], [0.22615637554116977, 0.9592064199690119, 0.16963589741653418], [-0.9621766108913545, 0.19282245105076548, 0.19244654277071907]], "fy": 4627.300372546341, "fx": 4649.505977743847}, {"id": 71, "img_name": "_DSC8732", "width": 4946, "height": 3286, "position": [-3.510954514494845, 0.8018070864968749, -0.03228628212004829], "rotation": [[0.16051779450134374, 0.25472877545534434, 0.9535970263184783], [0.2654504092079959, 0.9193895002464063, -0.29027405514094873], [-0.9506682480759161, 0.29972687198795467, 0.07996051718557298]], "fy": 4627.300372546341, "fx": 4649.505977743847}, {"id": 72, "img_name": "_DSC8733", "width": 4946, "height": 3286, "position": [-3.1547016168580804, 0.1084624132227081, 0.8062256269962963], "rotation": [[-0.1314137898033776, -0.1833175953974028, 0.9742305040734598], [0.229164003332909, 0.9505164594328142, 0.20976729946238518], [-0.964476166333802, 0.25082487828168404, -0.08290117616192319]], "fy": 4627.300372546341, "fx": 4649.505977743847}, {"id": 73, "img_name": "_DSC8734", "width": 4946, "height": 3286, "position": [-3.4263680014634925, 0.5029114198137016, 0.9425065327432007], "rotation": [[-0.10119682379368684, 0.2099475542116304, 0.972461427170571], [0.20360751829100723, 0.9611601940382356, -0.18631977858444967], [-0.9738085958490231, 0.17914548801724173, -0.14001325927789]], "fy": 4627.300372546341, "fx": 4649.505977743847}, {"id": 74, "img_name": "_DSC8736", "width": 4946, "height": 3286, "position": [-3.225447200047733, 0.3254662174950631, 1.6934243716205337], "rotation": [[-0.30806010353351365, 0.20098142084395446, 0.9298953925504018], [0.19854257542138823, 0.9694908016290621, -0.14376519502884183], [-0.9304191627196652, 0.14033550524433883, -0.3385648056308466]], "fy": 4627.300372546341, "fx": 4649.505977743847}, {"id": 75, "img_name": "_DSC8737", "width": 4946, "height": 3286, "position": [-2.6747631944549135, -0.4309249175711902, 2.0780759474664667], "rotation": [[-0.44918733935195776, -0.24228570092383553, 0.8599583555578457], [0.1814702908087416, 0.9177218210773608, 0.3533485427623036], [-0.8748138474668192, 0.3147765846537804, -0.36826136646952473]], "fy": 4627.300372546341, "fx": 4649.505977743847}, {"id": 76, "img_name": "_DSC8738", "width": 4946, "height": 3286, "position": [-2.8836398926338185, 0.0829791441094824, 2.3484809068914894], "rotation": [[-0.41309617949371, 0.1382373382787273, 0.9001344259572082], [0.18204828682213775, 0.9809968552697056, -0.06710880133092191], [-0.8923059832550854, 0.13614554071493196, -0.430411923615754]], "fy": 4627.300372546341, "fx": 4649.505977743847}, {"id": 77, "img_name": "_DSC8739", "width": 4946, "height": 3286, "position": [-2.331112871226316, -0.35643683115147673, 2.7301112552474573], "rotation": [[-0.6183710259350071, -0.2068124019783434, 0.7581859301464482], [0.15657630480348078, 0.9129895870537725, 0.3767411242557275], [-0.7701305961057345, 0.3516797468142431, -0.5321843859251187]], "fy": 4627.300372546341, "fx": 4649.505977743847}, {"id": 78, "img_name": "_DSC8741", "width": 4946, "height": 3286, "position": [-2.3806795446432965, 0.0309586120993525, 3.0325956878533353], "rotation": [[-0.6515564009502166, 0.17948430346992467, 0.7370614907785622], [0.17417938958692264, 0.9810450497659055, -0.08492438149871491], [-0.7383331203622979, 0.07304789618961131, -0.6704686482143248]], "fy": 4627.300372546341, "fx": 4649.505977743847}, {"id": 79, "img_name": "_DSC8742", "width": 4946, "height": 3286, "position": [-1.743192528123526, -0.5501704779185059, 3.4431656294408644], "rotation": [[-0.8387388574712068, -0.1081841637128381, 0.533679038083423], [0.12078504168146381, 0.9186896328563493, 0.37605894775722765], [-0.530969022329835, 0.3798756970431514, -0.7574736643092472]], "fy": 4627.300372546341, "fx": 4649.505977743847}, {"id": 80, "img_name": "_DSC8743", "width": 4946, "height": 3286, "position": [-1.8602754353924806, -0.2169893764439225, 3.766296133232661], "rotation": [[-0.7872085146231417, 0.12451583325818988, 0.6039855642089843], [0.156364438854478, 0.9876994131609804, 0.00017749134830808845], [-0.596534086843787, 0.09458158652440321, -0.7969952363245192]], "fy": 4627.300372546341, "fx": 4649.505977743847}, {"id": 81, "img_name": "_DSC8745", "width": 4946, "height": 3286, "position": [-0.9338319359338232, -0.3137970064606934, 4.270278334469987], "rotation": [[-0.9472752117454624, 0.06307713013444334, 0.31415115608030575], [0.06778654908308479, 0.9976915136899451, 0.00407765551177986], [-0.31316873562984643, 0.025157884749491793, -0.9493642208651719]], "fy": 4627.300372546341, "fx": 4649.505977743847}, {"id": 82, "img_name": "_DSC8746", "width": 4946, "height": 3286, "position": [0.030194174830441574, -0.8237408407433315, 3.999999833187966], "rotation": [[-0.9996269357798063, 0.0048683557071857895, 0.026875423274494322], [0.016119147869633903, 0.8995076849477228, 0.43660748710019304], [-0.022049089220006268, 0.43687781339030785, -0.8992505845602053]], "fy": 4627.300372546341, "fx": 4649.505977743847}, {"id": 83, "img_name": "_DSC8747", "width": 4946, "height": 3286, "position": [0.0670572989933144, -0.3690290719883314, 4.392179290868415], "rotation": [[-0.9982148214897864, 0.02875620048571377, 0.0523474076888192], [0.03129006153740921, 0.9983452266768138, 0.04824666227426158], [-0.05087339390191259, 0.04979848697748704, -0.997462785515156]], "fy": 4627.300372546341, "fx": 4649.505977743847}, {"id": 84, "img_name": "_DSC8748", "width": 4946, "height": 3286, "position": [1.0440382033563818, -0.9780265703529968, 3.959932136245865], "rotation": [[-0.9827993319763295, 0.07415524763228903, -0.16913447997222195], [-0.019832818260991453, 0.8681639235252453, 0.49588109583757933], [0.18360863919409276, 0.49070602313181966, -0.8517602165371703]], "fy": 4627.300372546341, "fx": 4649.505977743847}, {"id": 85, "img_name": "_DSC8749", "width": 4946, "height": 3286, "position": [1.1121031218410118, -0.48095403535415093, 4.347120920797001], "rotation": [[-0.9741360773099068, 0.04845319178044699, -0.2207061192843431], [0.018028929912341063, 0.990291651113604, 0.1378310684167687], [0.22524178246826976, 0.13028712116314217, -0.9655523836071958]], "fy": 4627.300372546341, "fx": 4649.505977743847}, {"id": 86, "img_name": "_DSC8750", "width": 4946, "height": 3286, "position": [1.9180715237867678, -0.7255065008939676, 3.5043460122384076], "rotation": [[-0.8619096231832295, 0.17839453265075117, -0.4746442796289269], [-0.07895141062234128, 0.8774360823048198, 0.4731517687067352], [0.5008777058573134, 0.4452878980950296, -0.7421861030666265]], "fy": 4627.300372546341, "fx": 4649.505977743847}, {"id": 87, "img_name": "_DSC8751", "width": 4946, "height": 3286, "position": [2.0601983346011674, -0.36466750127607755, 3.819335130619122], "rotation": [[-0.8937171983155417, -0.014109228523555782, -0.4484088526172171], [-0.07478146066078502, 0.9902070205576459, 0.11788888658304303], [0.4423542727005792, 0.13889199440147804, -0.8860201528829476]], "fy": 4627.300372546341, "fx": 4649.505977743847}, {"id": 88, "img_name": "_DSC8753", "width": 4946, "height": 3286, "position": [2.75579736567145, -0.2548133700633627, 3.2625984245547084], "rotation": [[-0.8129973619880269, -0.06108003316530732, -0.5790548496895902], [-0.12295133695282623, 0.9900672133493934, 0.06819004173689464], [0.5691381713977911, 0.12663389198430178, -0.8124319043826911]], "fy": 4627.300372546341, "fx": 4649.505977743847}, {"id": 89, "img_name": "_DSC8754", "width": 4946, "height": 3286, "position": [3.1131737417917362, -0.4681388139099985, 2.1291637191438264], "rotation": [[-0.5967044228865898, 0.2856448912407785, -0.7499005452829229], [-0.15325526274332396, 0.8767348723000205, 0.4559043629255387], [0.7876907109704011, 0.38696635486965836, -0.4793749931419381]], "fy": 4627.300372546341, "fx": 4649.505977743847}, {"id": 90, "img_name": "_DSC8755", "width": 4946, "height": 3286, "position": [3.3323108315695436, -0.017467572023081586, 2.4015657827831727], "rotation": [[-0.6000373877506845, -0.11993169554995081, -0.7909307945097654], [-0.1736012665535647, 0.9846586492689042, -0.01760524555168384], [0.7809082747367533, 0.12674278213157075, -0.6116522979808187]], "fy": 4627.300372546341, "fx": 4649.505977743847}, {"id": 91, "img_name": "_DSC8756", "width": 4946, "height": 3286, "position": [3.344112600488054, -0.1799996963027183, 1.2251000436037915], "rotation": [[-0.3614556866860033, 0.3378153762109025, -0.8690400210334595], [-0.1697962416909955, 0.8926226927101274, 0.41760503441234376], [0.916798245455325, 0.298505443927591, -0.26528376707900736]], "fy": 4627.300372546341, "fx": 4649.505977743847}, {"id": 92, "img_name": "_DSC8757", "width": 4946, "height": 3286, "position": [3.598691383919432, 0.24041420675747222, 1.435902336199971], "rotation": [[-0.4210511154649065, -0.0849561977807657, -0.9030495017574578], [-0.20047587709746617, 0.9796977685035188, 0.0013057914179001847], [0.8846046466460364, 0.18158944586032758, -0.42953450651185116]], "fy": 4627.300372546341, "fx": 4649.505977743847}, {"id": 93, "img_name": "_DSC8758", "width": 4946, "height": 3286, "position": [3.5684832740244703, 0.003313009282766504, 0.3925037151202853], "rotation": [[-0.1432349959146313, 0.31185052208530456, -0.9392725844079864], [-0.23568014228840808, 0.9110081578689223, 0.33840657030735766], [0.9612172524857485, 0.2698395600563339, -0.05699127435277192]], "fy": 4627.300372546341, "fx": 4649.505977743847}, {"id": 94, "img_name": "_DSC8759", "width": 4946, "height": 3286, "position": [3.8601973357051547, 0.48058317328950334, 0.5487797791777177], "rotation": [[-0.1257070183859345, -0.09704947970034475, -0.987309041799178], [-0.21262163620924845, 0.9747137421929134, -0.06873980357834018], [0.969014853004958, 0.20128218815925855, -0.14316317747801113]], "fy": 4627.300372546341, "fx": 4649.505977743847}, {"id": 95, "img_name": "_DSC8761", "width": 4946, "height": 3286, "position": [3.9532590238141867, 0.7189914533034973, -0.5858297781610553], "rotation": [[0.1361236847621914, -0.1378635060680186, -0.9810524940804122], [-0.24238991700981105, 0.9555381975161631, -0.1679103368454088], [0.9605818396049036, 0.26065380638347707, 0.09665465658241416]], "fy": 4627.300372546341, "fx": 4649.505977743847}, {"id": 96, "img_name": "_DSC8762", "width": 4946, "height": 3286, "position": [3.542737254434706, 0.19038736772916112, -1.4289010126770938], "rotation": [[0.319345252911796, 0.34557199263186084, -0.8823823475972001], [-0.2703007054634987, 0.9256732188667041, 0.2647010020738302], [0.908270960709763, 0.15397756259078835, 0.3890177015894829]], "fy": 4627.300372546341, "fx": 4649.505977743847}, {"id": 97, "img_name": "_DSC8763", "width": 4946, "height": 3286, "position": [3.91546524974516, 0.8447293195402745, -1.3770798678842509], "rotation": [[0.27952971949052635, -0.10185572346977743, -0.9547190935128487], [-0.2331605263367374, 0.9573910068097863, -0.17040724467615517], [0.9313964273497742, 0.27023669565066777, 0.24387050548166975]], "fy": 4627.300372546341, "fx": 4649.505977743847}, {"id": 98, "img_name": "_DSC8764", "width": 4946, "height": 3286, "position": [3.3738497487984036, 0.7272414375816405, -2.3693032946268504], "rotation": [[0.6009575616771242, 0.25941597260377053, -0.7560114828632728], [-0.23150561668570274, 0.9618141002665029, 0.1460095406865928], [0.7650197111879261, 0.08727536700912294, 0.6380657111985921]], "fy": 4627.300372546341, "fx": 4649.505977743847}, {"id": 99, "img_name": "_DSC8765", "width": 4946, "height": 3286, "position": [3.532210511044078, 1.2355402179368316, -2.3685816080613216], "rotation": [[0.5723638493061712, -0.10460000374634452, -0.8133009671847733], [-0.21686015652641027, 0.9372083922063124, -0.2731521592252202], [0.7908042087133601, 0.33271499634720997, 0.513740629780157]], "fy": 4627.300372546341, "fx": 4649.505977743847}, {"id": 100, "img_name": "_DSC8766", "width": 4946, "height": 3286, "position": [2.8908477284854213, 0.912257267114526, -2.993548574526803], "rotation": [