[{"id": 0, "img_name": "udon0009", "width": 1888, "height": 1061, "position": [-5.098237554542778, -3.4416616735610503, 1.136789554375063], "rotation": [[0.5406522600446606, -0.8007657669203634, 0.2578164467931458], [0.803010442985954, 0.5825902323064397, 0.12555018787971114], [-0.2507376361141323, 0.139150306322231, 0.9580019989991285]], "fy": 2343.0670079088554, "fx": 2378.238183365728}, {"id": 1, "img_name": "udon0014", "width": 1888, "height": 1061, "position": [-4.341624741604837, -2.4279175296442874, 0.8097838943572735], "rotation": [[0.6413268917118481, -0.7305074817087981, 0.2346457694796335], [0.7322668431536483, 0.6740602634163686, 0.09709805199305402], [-0.22909624262525413, 0.10955172500022922, 0.9672193810943124]], "fy": 2343.0670079088554, "fx": 2378.238183365728}, {"id": 2, "img_name": "udon0019", "width": 1888, "height": 1061, "position": [-3.45999390282418, -1.5127039671177236, 0.514566425506448], "rotation": [[0.7319060670921405, -0.6488819006787891, 0.20800429785270633], [0.6502108359647638, 0.7563689385730199, 0.07163726373840613], [-0.20381211383948242, 0.0828149004310527, 0.9755010581843964]], "fy": 2343.0670079088554, "fx": 2378.238183365728}, {"id": 3, "img_name": "udon0024", "width": 1888, "height": 1061, "position": [-2.462520520020667, -0.7130557356819636, 0.25216942889518557], "rotation": [[0.8110807575078487, -0.5571567048180971, 0.17811347808836475], [0.5580787628445439, 0.8283003160635524, 0.04966569108471925], [-0.17520302298304682, 0.05911846315034846, 0.982755772332243]], "fy": 2343.0670079088554, "fx": 2378.238183365728}, {"id": 4, "img_name": "udon0029", "width": 1888, "height": 1061, "position": [-1.3726139664879877, -0.03655235498286142, 0.027086902675954774], "rotation": [[0.8776102565643227, -0.4566870361222713, 0.1457298480441089], [0.45728801589648765, 0.8887662209015159, 0.031341268351671094], [-0.14383291727055225, 0.03913509450982584, 0.988827859785084]], "fy": 2343.0670079088554, "fx": 2378.238183365728}, {"id": 5, "img_name": "udon0034", "width": 1888, "height": 1061, "position": [-0.20567176759345654, 0.5053669055333522, -0.15298008640626157], "rotation": [[0.9305276077970315, -0.3489028382394949, 0.11128872627521116], [0.3492495824377124, 0.9368754773315592, 0.017002033462103123], [-0.11019573628148034, 0.023046679656466475, 0.9936426672915141]], "fy": 2343.0670079088554, "fx": 2378.238183365728}, {"id": 6, "img_name": "udon0039", "width": 1888, "height": 1061, "position": [1.0256775591812262, 0.9071635197761175, -0.2921399208499971], "rotation": [[0.9689018089086754, -0.2357560398219758, 0.07515566765690787], [0.23592166697708958, 0.9717483258056661, 0.006793993276164614], [-0.07463411916977293, 0.011148138021404567, 0.9971486685918043]], "fy": 2343.0670079088554, "fx": 2378.238183365728}, {"id": 7, "img_name": "udon0044", "width": 1888, "height": 1061, "position": [2.305134234839684, 1.145830093200224, -0.3826026299746957], "rotation": [[0.9921935901107353, -0.11883420042320302, 0.03781947319765913], [0.11886751968133205, 0.9929091720698715, 0.0013743305026155104], [-0.03771461928720195, 0.0031319050592715815, 0.9992836427475039]], "fy": 2343.0670079088554, "fx": 2378.238183365728}, {"id": 8, "img_name": "udon0049", "width": 1888, "height": 1061, "position": [3.606176283035347, 1.2455247811832386, -0.4232374454839418], "rotation": [[0.9999999976862171, -3.747735940129461e-05, 5.677159277311207e-05], [3.74786502943384e-05, 0.9999999990391792, -2.273746908097226e-05], [-5.677074057826412e-05, 2.2739596751034886e-05, 0.999999998129997]], "fy": 2343.0670079088554, "fx": 2378.238183365728}, {"id": 9, "img_name": "udon0054", "width": 1888, "height": 1061, "position": [4.905436635342367, 1.1761691277052988, -0.41594716502704976], "rotation": [[0.9922173349266457, 0.11875343254711074, -0.03744839822133455], [-0.11870635340956955, 0.992923284635654, 0.00348604195994011], [0.037597366015017626, 0.0009864515309497997, 0.9992924822003364]], "fy": 2343.0670079088554, "fx": 2378.238183365728}, {"id": 10, "img_name": "udon0059", "width": 1888, "height": 1061, "position": [6.191487886349751, 0.955699998666818, -0.3599368121979087], "rotation": [[0.9689531651723015, 0.2357897921155839, -0.07438371889512224], [-0.23560708983445608, 0.9717821422786515, 0.011347562207519079], [0.07496040903248449, 0.006530075221978802, 0.9971651293518432]], "fy": 2343.0670079088554, "fx": 2378.238183365728}]