[{"id": 0, "img_name": "r_0", "width": 800, "height": 800, "position": [0.5498628616333009, 3.935319185256959, 0.6789065003395082], "rotation": [[-0.9903792142868042, 0.023305540904402733, -0.1364042013883591], [0.1383808255195618, 0.16679565608501434, -0.9762326478958131], [-1.8626453735775225e-09, -0.9857159852981565, -0.16841599345207212]], "fy": 1111.1110311937682, "fx": 1111.1110311937682}, {"id": 1, "img_name": "r_1", "width": 800, "height": 800, "position": [-0.4087770879268646, -3.9707934856414795, 0.5618714094161986], "rotation": [[0.9947428703308105, -0.014273494482040405, 0.10140512883663176], [-0.10240474343299864, -0.13865038752555847, 0.9850327372550962], [9.313225745591649e-10, -0.9902384877204893, -0.1393831521272659]], "fy": 1111.1110311937682, "fx": 1111.1110311937682}, {"id": 2, "img_name": "r_2", "width": 800, "height": 800, "position": [1.3240551948547363, -3.4826948642730717, 1.5387381315231323], "rotation": [[0.934727430343628, 0.13564807176589963, -0.32845768332481384], [0.3553657829761505, -0.3567984700202941, 0.8639503717422486], [1.7437750561614762e-17, -0.9242804646492004, -0.38171401619911194]], "fy": 1111.1110311937682, "fx": 1111.1110311937682}, {"id": 3, "img_name": "r_3", "width": 800, "height": 800, "position": [-2.532511949539185, 1.7023662328720093, 2.634071350097656], "rotation": [[-0.5578781366348265, -0.5422987937927246, 0.6282389163970947], [-0.8299231529235838, 0.36453577876091, -0.42230513691902166], [-1.4901164799654614e-08, -0.7569846510887146, -0.6534327268600462]], "fy": 1111.1110311937682, "fx": 1111.1110311937682}, {"id": 4, "img_name": "r_4", "width": 800, "height": 800, "position": [1.1586221456527706, -1.9763070344924922, 3.3168969154357906], "rotation": [[0.8626796007156372, 0.4161425530910491, -0.28741881251335133], [0.5057512521743774, -0.7098305821418761, 0.4902614951133728], [1.4901164763221765e-08, -0.5683008432388306, -0.8228209614753722]], "fy": 1111.1110311937682, "fx": 1111.1110311937682}, {"id": 5, "img_name": "r_5", "width": 800, "height": 800, "position": [-3.905773639678956, 0.9958162307739257, 0.0572890043258667], "rotation": [[-0.24705657362937924, -0.013771108351647854, 0.9689033031463623], [-0.9690011143684387, 0.0035110821481794115, -0.24703162908554077], [2.328306439003594e-10, -0.9998990893363953, -0.014211654663085938]], "fy": 1111.1110311937682, "fx": 1111.1110311937682}, {"id": 6, "img_name": "r_6", "width": 800, "height": 800, "position": [2.8459568023681636, -1.3792459964752195, 2.499642133712769], "rotation": [[0.43611696362495417, 0.5580082535743713, -0.7059950232505797], [0.8998901844024658, -0.2704295217990875, 0.3421488404273986], [-2.980232588674825e-08, -0.784534752368927, -0.6200849413871766]], "fy": 1111.1110311937682, "fx": 1111.1110311937682}, {"id": 7, "img_name": "r_7", "width": 800, "height": 800, "position": [-2.9333200454711914, 2.701890230178833, -0.5877264142036438], "rotation": [[-0.6774958968162538, 0.10723756253719331, 0.7276671528816224], [-0.7355266809463501, -0.09877684712409975, -0.6702564358711243], [-0.0, -0.9893144965171815, 0.1457969844341278]], "fy": 1111.1110311937682, "fx": 1111.1110311937682}, {"id": 8, "img_name": "r_8", "width": 800, "height": 800, "position": [-1.144034147262573, 3.8652071952819815, -0.036876730620861047], "rotation": [[-0.9588800072669983, 0.0025963080115616317, 0.2837999761104583], [-0.2838118374347687, -0.008771825581789017, -0.958840012550354], [-1.34161928175584e-19, -0.9999581575393677, 0.009147991426289082]], "fy": 1111.1110311937682, "fx": 1111.1110311937682}, {"id": 9, "img_name": "r_9", "width": 800, "height": 800, "position": [-0.7516764402389524, -1.427680492401123, 3.6941454410552987], "rotation": [[0.8848505020141603, -0.4269303679466247, 0.18646797537803647], [-0.4658753871917724, -0.8108810782432557, 0.35416394472122187], [4.557687760350341e-18, -0.40025284886360174, -0.916404664516449]], "fy": 1111.1110311937682, "fx": 1111.1110311937682}, {"id": 10, "img_name": "r_10", "width": 800, "height": 800, "position": [0.30251583456993103, 1.8024933338165279, -3.592979431152344], "rotation": [[-0.9862071275711061, -0.14752668142318726, -0.07504495233297347], [0.16551697254180908, -0.8790146708488463, -0.44714361429214466], [-2.4798863354656427e-19, -0.4533972144126892, 0.8913086056709291]], "fy": 1111.1110311937682, "fx": 1111.1110311937682}, {"id": 11, "img_name": "r_11", "width": 800, "height": 800, "position": [3.6953177452087402, 1.5932891368865967, -0.23676300048828122], "rotation": [[-0.39592999219894404, -0.05393399670720099, -0.9166954755783081], [0.9182809591293335, -0.023254415020346638, -0.39524638652801514], [-0.0, -0.9982736110687256, 0.05873367190361022]], "fy": 1111.1110311937682, "fx": 1111.1110311937682}, {"id": 12, "img_name": "r_12", "width": 800, "height": 800, "position": [2.3493597507476807, 2.9537358283996586, 1.4163166284561155], "rotation": [[-0.7826273441314696, 0.2187089323997497, -0.5828045010566711], [0.6224907040596008, 0.27497208118438726, -0.7327316999435425], [-1.3233081982804877e-18, -0.93624609708786, -0.3513449430465698]], "fy": 1111.1110311937682, "fx": 1111.1110311937682}, {"id": 13, "img_name": "r_13", "width": 800, "height": 800, "position": [-2.699358224868775, 2.527343273162842, -1.6049925088882446], "rotation": [[-0.6834653615951537, 0.29064247012138367, 0.669628381729126], [-0.7299830317497253, -0.2721214592456817, -0.6269567608833313], [-1.490116469890522e-08, -0.9173204302787779, 0.398149698972702]], "fy": 1111.1110311937682, "fx": 1111.1110311937682}, {"id": 14, "img_name": "r_14", "width": 800, "height": 800, "position": [-0.018816590309143073, -0.32453095912933355, -4.018000125885011], "rotation": [[0.998323380947113, 0.05769515037536621, 0.004667821805924178], [-0.05788367241621017, 0.9950720071792603, 0.08050622791051866], [8.403380913968503e-19, -0.08064149320125581, 0.9967432618141175]], "fy": 1111.1110311937682, "fx": 1111.1110311937682}, {"id": 15, "img_name": "r_15", "width": 800, "height": 800, "position": [1.705118775367737, -3.3860900402069087, 1.3700231313705442], "rotation": [[0.8931497931480408, 0.15285567939281466, -0.4229880273342133], [0.44975960254669195, -0.3035466372966766, 0.8399857878684995], [2.1745331805035505e-17, -0.9404757022857667, -0.3398609757423401]], "fy": 1111.1110311937682, "fx": 1111.1110311937682}, {"id": 16, "img_name": "r_16", "width": 800, "height": 800, "position": [-0.6451854705810547, -3.979068517684937, 0.02738893404603004], "rotation": [[0.9871082901954651, -0.0010874676518142226, 0.16005082428455353], [-0.1600545197725296, -0.0067067667841911325, 0.9870855212211608], [1.656865154605794e-19, -0.9999769926071167, -0.006794359069317579]], "fy": 1111.1110311937682, "fx": 1111.1110311937682}, {"id": 17, "img_name": "r_17", "width": 800, "height": 800, "position": [0.024531126022338867, 4.022418022155762, -0.26372799277305614], "rotation": [[-0.9999814629554749, -0.00039898054092191154, -0.006085424218326808], [0.006098488811403514, -0.06542164087295534, -0.9978392124176025], [-2.9103830476383877e-11, -0.9978575706481935, 0.06542287021875383]], "fy": 1111.1110311937682, "fx": 1111.1110311937682}, {"id": 18, "img_name": "r_18", "width": 800, "height": 800, "position": [-0.38150873780250544, -3.9604771137237544, -0.6473587751388549], "rotation": [[0.9953925609588622, 0.015398191288113594, 0.09464068710803986], [-0.09588516503572464, 0.15985003113746646, 0.9824735522270204], [-9.31322686421545e-10, -0.987021267414093, 0.16058996319770813]], "fy": 1111.1110311937682, "fx": 1111.1110311937682}, {"id": 19, "img_name": "r_19", "width": 800, "height": 800, "position": [0.4793777167797089, -3.9834766387939458, -0.39001515507698054], "rotation": [[0.9928368330001831, -0.011559740640223026, -0.11891898512840272], [0.11947951465845107, 0.09605777263641359, 0.9881790280342103], [-9.313227949603303e-10, -0.9953085184097289, 0.09675086289644241]], "fy": 1111.1110311937682, "fx": 1111.1110311937682}, {"id": 20, "img_name": "r_20", "width": 800, "height": 800, "position": [3.857719421386718, 1.0269476175308228, -0.5598025918006896], "rotation": [[-0.25724697113037104, -0.13419635593891147, -0.9569823741912842], [0.9663459062576294, -0.03572385758161544, -0.2547543346881867], [3.725291636795322e-09, -0.990310549736023, 0.13886992633342746]], "fy": 1111.1110311937682, "fx": 1111.1110311937682}, {"id": 21, "img_name": "r_21", "width": 800, "height": 800, "position": [-2.6799545288085946, -2.837161302566529, -1.0091381072998047], "rotation": [[0.7269603610038758, 0.17190085351467133, 0.6648149490356446], [-0.6866796016693116, 0.1819845885038375, 0.703813135623932], [7.45058148186919e-09, -0.9681588411331175, 0.25033637881278986]], "fy": 1111.1110311937682, "fx": 1111.1110311937682}, {"id": 22, "img_name": "r_22", "width": 800, "height": 800, "position": [3.170902252197266, 2.1777639389038086, 1.2052897214889524], "rotation": [[-0.5661349296569824, 0.24646583199501043, -0.7866041660308836], [0.8243128657341003, 0.1692718118429184, -0.54023677110672], [2.1832652880347327e-17, -0.9542544484138488, -0.29899561405181885]], "fy": 1111.1110311937682, "fx": 1111.1110311937682}, {"id": 23, "img_name": "r_23", "width": 800, "height": 800, "position": [0.11870676279067995, 3.5674145221710196, 1.8733558654785154], "rotation": [[-0.9994469881057741, 0.015455220825970178, -0.029447527602314956], [0.03325689211487771, 0.46446534991264343, -0.8849667310714722], [9.313226815698356e-10, -0.8854565024375914, -0.464722454547882]], "fy": 1111.1110311937682, "fx": 1111.1110311937682}, {"id": 24, "img_name": "r_24", "width": 800, "height": 800, "position": [-3.6847724914550786, 0.010355979204177855, -1.634730577468872], "rotation": [[-0.00281046936288476, 0.4055250883102417, 0.914079785346985], [-0.9999962449073792, -0.001139720086939633, -0.0025690027978271246], [-0.0, -0.9140831232070924, 0.40552684664726263]], "fy": 1111.1110311937682, "fx": 1111.1110311937682}, {"id": 25, "img_name": "r_25", "width": 800, "height": 800, "position": [3.0180301666259766, -1.3207988739013674, 2.3231410980224614], "rotation": [[0.40092355012893677, 0.5279554128646851, -0.7486811876296998], [0.9161117672920227, -0.23105232417583468, 0.32764989137649536], [2.0780081098583967e-17, -0.8172379732131958, -0.5763004422187805]], "fy": 1111.1110311937682, "fx": 1111.1110311937682}, {"id": 26, "img_name": "r_26", "width": 800, "height": 800, "position": [1.3837199211120603, -3.1218974590301505, -2.1422126293182373], "rotation": [[0.9142231941223146, -0.215336486697197, -0.34325867891311646], [0.4052114784717561, 0.48583418130874634, 0.7744475603103638], [-1.4901162964490243e-08, -0.8471099734306335, 0.5314176082611083]], "fy": 1111.1110311937682, "fx": 1111.1110311937682}, {"id": 27, "img_name": "r_27", "width": 800, "height": 800, "position": [-3.485818386077881, -1.8805273771286015, 0.7501245737075807], "rotation": [[0.47479420900344854, -0.1637710779905319, 0.8647251129150391], [-0.8800970315933229, -0.08835112303495408, 0.46650141477584844], [-1.2000474248665516e-17, -0.9825340509414673, -0.18608300387859347]], "fy": 1111.1110311937682, "fx": 1111.1110311937682}, {"id": 28, "img_name": "r_28", "width": 800, "height": 800, "position": [1.011561632156372, -3.7880556583404537, 0.9366842508316042], "rotation": [[0.9661452770233153, 0.05994939431548119, -0.25093755125999445], [0.25799921154975897, -0.2244961112737656, 0.9397009611129761], [-6.6206893953241185e-18, -0.972629189491272, -0.23236276209354403]], "fy": 1111.1110311937682, "fx": 1111.1110311937682}, {"id": 29, "img_name": "r_29", "width": 800, "height": 800, "position": [3.195237874984741, 2.4574222564697266, -0.0391269028186798], "rotation": [[-0.6096402406692505, -0.007693886756896973, -0.792641043663025], [0.7926783561706543, -0.005917284172028302, -0.6096115112304688], [-4.656612879782949e-10, -0.9999529123306272, 0.009706190787255762]], "fy": 1111.1110311937682, "fx": 1111.1110311937682}, {"id": 30, "img_name": "r_30", "width": 800, "height": 800, "position": [-2.111387014389038, 2.5339324474334726, -2.3175916671752934], "rotation": [[-0.7682548165321349, 0.3680342435836791, 0.5237706899642944], [-0.6401445269584656, -0.4416878223419188, -0.6285912990570071], [7.94188806454011e-17, -0.8182069659233093, 0.5749238133430481]], "fy": 1111.1110311937682, "fx": 1111.1110311937682}, {"id": 31, "img_name": "r_31", "width": 800, "height": 800, "position": [2.7986600399017325, -1.52470064163208, -2.468357801437378], "rotation": [[0.47840684652328486, -0.5377053022384644, -0.6942621469497682], [0.878138303756714, 0.2929400801658631, 0.37823173403739935], [1.490116294231449e-08, -0.7906067371368407, 0.6123242378234863]], "fy": 1111.1110311937682, "fx": 1111.1110311937682}, {"id": 32, "img_name": "r_32", "width": 800, "height": 800, "position": [1.8529951572418217, 3.5139732360839853, 0.6843985319137572], "rotation": [[-0.8845512866973877, 0.07919196784496309, -0.4596715271472932], [0.46644330024719244, 0.15017765760421753, -0.8717094659805299], [7.450581477430854e-09, -0.9854822754859923, -0.16977837681770325]], "fy": 1111.1110311937682, "fx": 1111.1110311937682}, {"id": 33, "img_name": "r_33", "width": 800, "height": 800, "position": [-3.701452255249024, -1.5053416490554807, -0.5321640372276306], "rotation": [[0.3767265081405639, 0.12228747457265854, 0.9182174205780032], [-0.9263246655464171, 0.04973302781581878, 0.37342932820320124], [6.371412161447262e-18, -0.9912477731704713, 0.13201366364955905]], "fy": 1111.1110311937682, "fx": 1111.1110311937682}, {"id": 34, "img_name": "r_34", "width": 800, "height": 800, "position": [0.7414859533309937, -3.9433028697967534, -0.3880228996276855], "rotation": [[0.9827767014503479, -0.017788045108318325, -0.1839400380849838], [0.1847981512546539, 0.09459874778985977, 0.978213131427765], [-1.862645592922244e-09, -0.9953565001487732, 0.09625665098428726]], "fy": 1111.1110311937682, "fx": 1111.1110311937682}, {"id": 35, "img_name": "r_35", "width": 800, "height": 800, "position": [4.027592182159425, 0.10617214441299438, 0.13126519322395327], "rotation": [[-0.026352044194936752, 0.03255157917737961, -0.9991226196289061], [0.9996528625488281, 0.0008580985013395547, -0.026338066905736927], [-1.083251049746048e-19, -0.9994696974754332, -0.03256288543343545]], "fy": 1111.1110311937682, "fx": 1111.1110311937682}, {"id": 36, "img_name": "r_36", "width": 800, "height": 800, "position": [0.017512157559394833, -3.973136186599731, 0.681089162826538], "rotation": [[0.999990463256836, 0.0007446963572874664, -0.004344231449067593], [0.00440759863704443, -0.16895577311515805, 0.9856137633323668], [5.168556292156095e-20, -0.9856233000755309, -0.1689574271440506]], "fy": 1111.1110311937682, "fx": 1111.1110311937682}, {"id": 37, "img_name": "r_37", "width": 800, "height": 800, "position": [-0.5949333906173707, 0.6263380050659181, -3.9374806880950923], "rotation": [[-0.7250501513481138, 0.6726968288421633, 0.14758482575416568], [-0.688696086406708, -0.7082063555717469, -0.15537534654140472], [7.450581473325388e-09, -0.21429592370986938, 0.9767688512802123]], "fy": 1111.1110311937682, "fx": 1111.1110311937682}, {"id": 38, "img_name": "r_38", "width": 800, "height": 800, "position": [-1.5412492752075195, 2.986557245254516, 2.225988864898682], "rotation": [[-0.8886450529098511, -0.2532366812229157, 0.3823369443416596], [-0.45859616994857794, 0.4907096028327942, -0.740873694419861], [2.93838344075923e-18, -0.8337118029594421, -0.5521999001502992]], "fy": 1111.1110311937682, "fx": 1111.1110311937682}, {"id": 39, "img_name": "r_39", "width": 800, "height": 800, "position": [1.8667134046554568, -2.9267628192901607, -2.049253463745117], "rotation": [[0.8431094884872438, -0.2733651101589203, -0.46307459473609924], [0.5377421379089355, 0.428600788116455, 0.7260404825210571], [-3.726783481195109e-17, -0.8611462712287904, 0.5083572268486023]], "fy": 1111.1110311937682, "fx": 1111.1110311937682}, {"id": 40, "img_name": "r_40", "width": 800, "height": 800, "position": [0.7957756519317625, -3.7728836536407466, -1.175622820854187], "rotation": [[0.9784722924232482, -0.06018760800361632, -0.1974076926708221], [0.20637913048267356, 0.2853578627109528, 0.9359374642372131], [-5.707304893731156e-18, -0.9565293192863464, 0.291636198759079]], "fy": 1111.1110311937682, "fx": 1111.1110311937682}, {"id": 41, "img_name": "r_41", "width": 800, "height": 800, "position": [-3.6466059684753414, 0.9837777614593505, -1.4087033271789549], "rotation": [[-0.26046702265739446, 0.3373940587043762, 0.9046118259429934], [-0.9654828906059265, -0.09102183580398561, -0.2440452873706818], [-0.0, -0.9369527101516724, 0.3494563400745392]], "fy": 1111.1110311937682, "fx": 1111.1110311937682}, {"id": 42, "img_name": "r_42", "width": 800, "height": 800, "position": [3.4261736869812016, -2.0367035865783687, -0.6026372313499452], "rotation": [[0.510986328125, -0.12850500643253326, -0.8499290943145753], [0.8595889806747437, 0.0763903483748436, 0.5052439570426941], [-1.1795137005921528e-17, -0.9887623190879822, 0.1494958996772766]], "fy": 1111.1110311937682, "fx": 1111.1110311937682}, {"id": 43, "img_name": "r_43", "width": 800, "height": 800, "position": [3.596215009689331, -1.5222052335739136, -1.0000646114349365], "rotation": [[0.38979855179786677, -0.22846198081970212, -0.8921112418174746], [0.9209003448486328, 0.09670335054397583, 0.3776127099990845], [-1.2380530365959198e-17, -0.9687380790710448, 0.24808552861213684]], "fy": 1111.1110311937682, "fx": 1111.1110311937682}, {"id": 44, "img_name": "r_44", "width": 800, "height": 800, "position": [-3.6901354789733887, 0.052892923355102525, 1.621759057044983], "rotation": [[-0.014332128688693045, -0.40226763486862177, 0.915410041809082], [-0.9998974204063414, 0.005765942856669425, -0.013121120631694792], [-0.0, -0.9155039787292482, -0.40230897068977356]], "fy": 1111.1110311937682, "fx": 1111.1110311937682}, {"id": 45, "img_name": "r_45", "width": 800, "height": 800, "position": [-1.0378406047821045, 3.849977731704712, 0.5920792222023011], "rotation": [[-0.9655335545539856, -0.03822899609804154, 0.25745660066604614], [-0.2602794170379638, 0.14181442558765417, -0.9550620317459108], [3.725291182294943e-09, -0.9891547560691836, -0.14687679708004]], "fy": 1111.1110311937682, "fx": 1111.1110311937682}, {"id": 46, "img_name": "r_46", "width": 800, "height": 800, "position": [-1.8765994310379028, -2.524491786956787, 2.520975112915039], "rotation": [[0.802551746368408, -0.3730890154838562, 0.46552708745002747], [-0.5965827107429506, -0.5018972754478456, 0.6262493729591369], [1.4901163003963894e-08, -0.7803227305412292, -0.6253769993782043]], "fy": 1111.1110311937682, "fx": 1111.1110311937682}, {"id": 47, "img_name": "r_47", "width": 800, "height": 800, "position": [-0.5658791661262511, 0.4271650910377502, -3.9682881832122803], "rotation": [[-0.60248464345932, 0.7856885194778443, 0.14037735760211942], [-0.7981306314468382, -0.5930925011634827, -0.10596662759780881], [0.0, -0.17588284611701963, 0.9844112396240234]], "fy": 1111.1110311937682, "fx": 1111.1110311937682}, {"id": 48, "img_name": "r_48", "width": 800, "height": 800, "position": [0.7975355982780458, -2.53946852684021, -3.02738118171692], "rotation": [[0.9540563821792601, -0.22502031922340396, -0.19784425199031833], [0.29962724447250366, 0.7164971828460694, 0.6299646496772766], [-1.4901161177622724e-08, -0.6603012681007385, 0.7510009407997129]], "fy": 1111.1110311937682, "fx": 1111.1110311937682}, {"id": 49, "img_name": "r_49", "width": 800, "height": 800, "position": [2.7474412918090834, -2.5216250419616695, -1.5306780338287354], "rotation": [[0.6761817336082457, -0.27974894642829895, -0.6815563440322875], [0.7367350459098816, 0.2567559480667114, 0.6255382299423218], [-1.490116475881607e-08, -0.9251036643981932, 0.3797145485877991]], "fy": 1111.1110311937682, "fx": 1111.1110311937682}, {"id": 50, "img_name": "r_50", "width": 800, "height": 800, "position": [-3.1091036796569824, -2.4374656677246094, 0.8013949990272522], "rotation": [[0.6169759035110474, -0.15645332634449005, 0.7712737917900084], [-0.7869822382926942, -0.12265580892562865, 0.6046608686447144], [7.450582377887441e-09, -0.9800397157669068, -0.19880165159702298]], "fy": 1111.1110311937682, "fx": 1111.1110311937682}, {"id": 51, "img_name": "r_51", "width": 800, "height": 800, "position": [3.5387489795684814, 1.8604946136474612, 0.5155742168426514], "rotation": [[-0.465353786945343, 0.11320587247610095, -0.8778556585311889], [0.8851249217987059, 0.05951790139079094, -0.46153196692466736], [-6.091346252677907e-18, -0.9917871356010438, -0.12789823114871982]], "fy": 1111.1110311937682, "fx": 1111.1110311937682}, {"id": 52, "img_name": "r_52", "width": 800, "height": 800, "position": [3.297394037246704, 1.824723720550537, -1.4309350252151487], "rotation": [[-0.48419010639190674, -0.31058669090270996, -0.8179827928543091], [0.8749629259109498, -0.1718735694885254, -0.45265823602676397], [-0.0, -0.9348772168159485, 0.35497128963470453]], "fy": 1111.1110311937682, "fx": 1111.1110311937682}, {"id": 53, "img_name": "r_53", "width": 800, "height": 800, "position": [1.5051273107528689, 0.33402389287948614, 3.724650382995606], "rotation": [[-0.21665304899215695, 0.9020264148712159, -0.3733761310577393], [0.9762488007545471, 0.20018132030963898, -0.08286112546920776], [7.4505814774904e-09, -0.3824600279331207, -0.9239720106124879]], "fy": 1111.1110311937682, "fx": 1111.1110311937682}, {"id": 54, "img_name": "r_54", "width": 800, "height": 800, "position": [-1.7193758487701412, 1.1659500598907473, -3.4546067714691158], "rotation": [[-0.5612479448318484, 0.709279716014862, 0.42652469873428334], [-0.8276479244232179, -0.4809795916080476, -0.28923663496971136], [3.9372941621522474e-17, -0.5153456330299377, 0.8569825887680053]], "fy": 1111.1110311937682, "fx": 1111.1110311937682}, {"id": 55, "img_name": "r_55", "width": 800, "height": 800, "position": [1.4969730377197266, 2.8615951538085938, -2.4125390052795415], "rotation": [[-0.8860807418823243, -0.27741292119026184, -0.3713533282279969], [0.46353131532669073, -0.5302990674972533, -0.7098744511604308], [1.4901162955369445e-08, -0.8011398315429688, 0.598477303981781]], "fy": 1111.1110311937682, "fx": 1111.1110311937682}, {"id": 56, "img_name": "r_56", "width": 800, "height": 800, "position": [-0.33878695964813227, 2.8176531791687007, 2.86287498474121], "rotation": [[-0.9928490519523622, -0.08478089421987536, 0.08404269814491272], [-0.11937746405601503, 0.7051132321357728, -0.6989737153053283], [-3.725290741609421e-09, -0.7040082216262816, -0.7101918458938598]], "fy": 1111.1110311937682, "fx": 1111.1110311937682}, {"id": 57, "img_name": "r_57", "width": 800, "height": 800, "position": [-3.385244607925415, 0.1120140254497528, -2.1857657432556152], "rotation": [[-0.03307080641388893, 0.5419251322746277, 0.8397759199142455], [-0.9994531273841859, -0.017931707203388214, -0.027787262573838234], [-0.0, -0.8402353525161743, 0.5422217845916748]], "fy": 1111.1110311937682, "fx": 1111.1110311937682}, {"id": 58, "img_name": "r_58", "width": 800, "height": 800, "position": [-2.2097332477569576, -2.4396617412567148, -2.327042818069458], "rotation": [[0.7411699295043945, 0.3875302970409393, 0.5481674075126647], [-0.6713175773620604, 0.4278538525104521, 0.6052056550979615], [-1.4901164751588624e-08, -0.8165545463562011, 0.5772683024406432]], "fy": 1111.1110311937682, "fx": 1111.1110311937682}, {"id": 59, "img_name": "r_59", "width": 800, "height": 800, "position": [-3.9705843925476065, 0.6905113458633422, 0.0874924212694168], "rotation": [[-0.17133514583110807, -0.0213832538574934, 0.984980881214142], [-0.9852129817008971, 0.003718691179528831, -0.17129479348659513], [4.656613981728931e-10, -0.9997643828392028, -0.021704200655221932]], "fy": 1111.1110311937682, "fx": 1111.1110311937682}, {"id": 60, "img_name": "r_60", "width": 800, "height": 800, "position": [-1.6309642791748045, -3.576966524124145, -0.8917769193649292], "rotation": [[0.9098801016807556, 0.0917789712548256, 0.4045924842357635], [-0.4148716032505035, 0.20128603279590607, 0.8873363137245178], [-2.501027250259996e-18, -0.9752233028411866, 0.2212226539850235]], "fy": 1111.1110311937682, "fx": 1111.1110311937682}, {"id": 61, "img_name": "r_61", "width": 800, "height": 800, "position": [-2.9907279014587407, 2.450836896896362, 1.1397124528884888], "rotation": [[-0.6338383555412291, -0.21868027746677401, 0.7419083118438722], [-0.7734656333923339, 0.1792037636041641, -0.6079778671264648], [-2.059209193947076e-17, -0.959200084209442, -0.2827278971672058]], "fy": 1111.1110311937682, "fx": 1111.1110311937682}, {"id": 62, "img_name": "r_62", "width": 800, "height": 800, "position": [0.626099169254303, 3.810141801834106, 1.1579370498657224], "rotation": [[-0.9867661595344545, 0.046577319502830505, -0.155316099524498], [0.16214972734451297, 0.28344741463661194, -0.9451799392700196], [-3.725290302422474e-09, -0.9578559398651122, -0.2872488498687744]], "fy": 1111.1110311937682, "fx": 1111.1110311937682}, {"id": 63, "img_name": "r_63", "width": 800, "height": 800, "position": [-3.7623834609985343, -1.444169282913208, 0.09404810518026355], "rotation": [[0.3583518862724304, -0.02178100869059563, 0.9333326816558837], [-0.9335867166519164, -0.00836051534861326, 0.3582543730735778], [4.6566128729347065e-10, -0.999727785587311, -0.023330468684434898]], "fy": 1111.1110311937682, "fx": 1111.1110311937682}, {"id": 64, "img_name": "r_64", "width": 800, "height": 800, "position": [-0.31370922923088074, 2.246832370758056, 3.3321659564971924], "rotation": [[-0.9903931617736818, -0.11430471390485765, 0.07782167941331863], [-0.13828156888484955, 0.8186673521995546, -0.5573704838752747], [-1.6123099785926797e-18, -0.5627771019935608, -0.8266085982322694]], "fy": 1111.1110311937682, "fx": 1111.1110311937682}, {"id": 65, "img_name": "r_65", "width": 800, "height": 800, "position": [2.591964483261108, 0.1849072277545929, 3.081806421279906], "rotation": [[-0.07115781307220459, 0.7625640630722046, -0.642987310886383], [0.9974652528762818, 0.05440028384327889, -0.045869842171669006], [-0.0, -0.6446212530136108, -0.7645021677017211]], "fy": 1111.1110311937682, "fx": 1111.1110311937682}, {"id": 66, "img_name": "r_66", "width": 800, "height": 800, "position": [-0.9518715143203733, -1.9117000102996828, -3.4189679622650146], "rotation": [[0.895171284675598, 0.37803587317466736, 0.23613031208515162], [-0.44572269916534424, 0.7592318654060363, 0.47423452138900757], [1.49011629435318e-08, -0.5297695398330688, 0.8481417894363402]], "fy": 1111.1110311937682, "fx": 1111.1110311937682}, {"id": 67, "img_name": "r_67", "width": 800, "height": 800, "position": [-3.0261769294738756, 1.537189245223999, -2.1746959686279297], "rotation": [[-0.4528850913047791, 0.48097971081733715, 0.750702202320099], [-0.8915690183639526, -0.24432042241096494, -0.3813297748565673], [2.0836169732807942e-17, -0.8420011401176454, 0.5394757390022278]], "fy": 1111.1110311937682, "fx": 1111.1110311937682}, {"id": 68, "img_name": "r_68", "width": 800, "height": 800, "position": [2.7667052745819087, 2.819102048873902, -0.8049883842468261], "rotation": [[-0.7137083411216736, -0.13987359404563904, -0.6863351464271545], [0.7004431486129761, -0.14252257347106936, -0.6993331909179689], [3.0278717005913602e-18, -0.9798585176467896, 0.19969306886196134]], "fy": 1111.1110311937682, "fx": 1111.1110311937682}, {"id": 69, "img_name": "r_69", "width": 800, "height": 800, "position": [-0.7102414369583128, 3.4661104679107666, 1.9317438602447512], "rotation": [[-0.9796448945999144, -0.09619557112455365, 0.1761892288923263], [-0.20073924958705897, 0.46945226192474354, -0.8598362803459165], [7.450582363555454e-09, -0.8777020573616027, -0.4792067110538483]], "fy": 1111.1110311937682, "fx": 1111.1110311937682}, {"id": 70, "img_name": "r_70", "width": 800, "height": 800, "position": [-3.694085836410523, -0.2658382654190064, 1.5915590524673462], "rotation": [[0.0717776045203209, -0.39379879832267767, 0.9163900017738341], [-0.9974208474159241, -0.028339026495814323, 0.06594636291265488], [1.862645589798537e-09, -0.9187596440315248, -0.39481726288795477]], "fy": 1111.1110311937682, "fx": 1111.1110311937682}, {"id": 71, "img_name": "r_71", "width": 800, "height": 800, "position": [3.138509750366211, 2.4911499023437504, 0.4403739273548127], "rotation": [[-0.621699094772339, 0.085565522313118, -0.7785685658454895], [0.7832562923431398, 0.06791648268699646, -0.6179782748222351], [3.725290743244655e-09, -0.9940150380134584, -0.10924334079027177]], "fy": 1111.1110311937682, "fx": 1111.1110311937682}, {"id": 72, "img_name": "r_72", "width": 800, "height": 800, "position": [0.659798860549927, -3.9767642021179204, -0.003621565643697978], "rotation": [[0.9865143299102783, -0.00014704649220220747, -0.16367596387863165], [0.1636760383844376, 0.0008862841059453785, 0.986513912677765], [2.1786616069760098e-20, -0.9999995827674866, 0.000898399972356856]], "fy": 1111.1110311937682, "fx": 1111.1110311937682}, {"id": 73, "img_name": "r_73", "width": 800, "height": 800, "position": [-3.3141629695892334, -2.288965940475464, -0.16419333219528193], "rotation": [[0.5682942271232605, 0.033514790236949914, 0.8221427798271178], [-0.8228256106376649, 0.02314738929271698, 0.5678226351737976], [-1.8626453736180245e-09, -0.9991701245307923, 0.04073135554790496]], "fy": 1111.1110311937682, "fx": 1111.1110311937682}, {"id": 74, "img_name": "r_74", "width": 800, "height": 800, "position": [-1.6685205698013308, -3.0495645999908447, -2.041125774383545], "rotation": [[0.8772756457328796, 0.24303720891475675, 0.4139090180397033], [-0.4799873232841491, 0.4442004859447478, 0.7565038800239561], [1.934814702138025e-17, -0.8623333573341371, 0.5063409805297852]], "fy": 1111.1110311937682, "fx": 1111.1110311937682}, {"id": 75, "img_name": "r_75", "width": 800, "height": 800, "position": [2.9749860763549796, -1.9092838764190678, -1.9375482797622683], "rotation": [[0.540115535259247, -0.4045077860355377, -0.7380032539367674], [0.8415910601615906, 0.2596046328544617, 0.4736350774765016], [-1.4901162964198592e-08, -0.8769144415855407, 0.48064661026000977]], "fy": 1111.1110311937682, "fx": 1111.1110311937682}, {"id": 76, "img_name": "r_76", "width": 800, "height": 800, "position": [2.671113967895508, 0.6000552773475647, -2.958899021148682], "rotation": [[-0.2191835641860962, -0.7161640524864198, -0.662621796131134], [0.9756838679313659, -0.16088344156742096, -0.1488553881645203], [7.45058233950388e-09, -0.6791359782218933, 0.7340124845504761]], "fy": 1111.1110311937682, "fx": 1111.1110311937682}, {"id": 77, "img_name": "r_77", "width": 800, "height": 800, "position": [0.04833582043647767, 1.9056451320648191, -3.5519263744354252], "rotation": [[-0.9996786117553712, -0.0223421361297369, -0.011990643106400965], [0.025356393307447427, -0.8808411955833433, -0.47273242473602284], [-2.9924748079020542e-18, -0.4728843569755553, 0.8811246156692505]], "fy": 1111.1110311937682, "fx": 1111.1110311937682}, {"id": 78, "img_name": "r_78", "width": 800, "height": 800, "position": [3.3904967308044434, 1.987912774085998, 0.895954132080078], "rotation": [[-0.5057916045188903, 0.1917329132556915, -0.8410786986351015], [0.8626559376716613, 0.11241664737462995, -0.4931404590606689], [-7.450582368580748e-09, -0.9749876856803893, -0.22225886583328244]], "fy": 1111.1110311937682, "fx": 1111.1110311937682}, {"id": 79, "img_name": "r_79", "width": 800, "height": 800, "position": [3.6154322624206547, -0.7682283520698547, -1.6088736057281492], "rotation": [[0.20784559845924377, -0.3903964757919311, -0.8968784809112549], [0.9781618714332582, 0.08295374363660812, 0.1905740201473236], [7.450582380163833e-09, -0.9169020056724547, 0.3991124629974364]], "fy": 1111.1110311937682, "fx": 1111.1110311937682}, {"id": 80, "img_name": "r_80", "width": 800, "height": 800, "position": [-2.7533137798309326, -2.939875841140748, 0.16246081888675692], "rotation": [[0.7298864722251892, -0.02754888124763965, 0.6830131411552428], [-0.68356853723526, -0.029415568336844434, 0.7292934656143186], [1.8626453709116397e-09, -0.9991875886917113, -0.040301572531461716]], "fy": 1111.1110311937682, "fx": 1111.1110311937682}, {"id": 81, "img_name": "r_81", "width": 800, "height": 800, "position": [2.675485849380493, 0.8124086856842039, -2.903750658035277], "rotation": [[-0.29054960608482355, -0.6892566680908205, -0.6637064218521118], [0.9568600058555602, -0.2092921137809754, -0.2015338242053985], [-7.652287614796158e-17, -0.6936295628547667, 0.7203319072723386]], "fy": 1111.1110311937682, "fx": 1111.1110311937682}, {"id": 82, "img_name": "r_82", "width": 800, "height": 800, "position": [1.9205708503723145, -0.9499295949935912, -3.414533853530884], "rotation": [[0.44334298372268677, -0.7592474222183226, -0.4764350354671478], [0.8963522911071777, 0.37552979588508606, 0.23564855754375458], [2.1073359498086015e-17, -0.5315265059471129, 0.8470417261123656]], "fy": 1111.1110311937682, "fx": 1111.1110311937682}, {"id": 83, "img_name": "r_83", "width": 800, "height": 800, "position": [1.467920064926147, 3.0213475227355957, 2.228602886199951], "rotation": [[-0.8994605541229248, 0.24159602820873252, -0.36414617300033564], [0.43700239062309265, 0.4972652196884154, -0.7495041489601136], [-1.4068393546226054e-17, -0.8332818746566772, -0.5528483986854552]], "fy": 1111.1110311937682, "fx": 1111.1110311937682}, {"id": 84, "img_name": "r_84", "width": 800, "height": 800, "position": [2.637464046478272, 2.9272613525390616, -0.8514248132705688], "rotation": [[-0.7429245114326478, -0.1413804292678833, -0.654274344444275], [0.6693753600120546, -0.15691491961479184, -0.7261642217636105], [7.450582378243753e-09, -0.9774401187896729, 0.21121253073215485]], "fy": 1111.1110311937682, "fx": 1111.1110311937682}, {"id": 85, "img_name": "r_85", "width": 800, "height": 800, "position": [-1.3991115093231201, -3.7608640193939213, -0.38521435856819153], "rotation": [[0.9372447729110719, 0.033319104462862015, 0.34707692265510565], [-0.3486724793910981, 0.08956300467252731, 0.9329557418823243], [-1.8626453687920543e-09, -0.9954236149787904, 0.09555993974208832]], "fy": 1111.1110311937682, "fx": 1111.1110311937682}, {"id": 86, "img_name": "r_86", "width": 800, "height": 800, "position": [3.847135782241821, 1.2003237009048464, 0.09364650398492813], "rotation": [[-0.29784405231475825, 0.022176496684551242, -0.9543570280075072], [0.9546146392822266, 0.006919166538864375, -0.29776367545127874], [-0.0, -0.9997302293777467, -0.023230839520692825]], "fy": 1111.1110311937682, "fx": 1111.1110311937682}, {"id": 87, "img_name": "r_87", "width": 800, "height": 800, "position": [-3.2108881473541264, -1.225240707397461, -2.106889486312866], "rotation": [[0.35651502013206476, 0.4883111119270326, 0.7965234518051147], [-0.9342898726463317, 0.18633431196212763, 0.3039448261260986], [-1.4901164732142432e-08, -0.8525443077087402, 0.5226550102233887]], "fy": 1111.1110311937682, "fx": 1111.1110311937682}, {"id": 88, "img_name": "r_88", "width": 800, "height": 800, "position": [2.5706441402435303, -0.4415312707424163, -3.0735709667205806], "rotation": [[0.1692802160978317, -0.7514552474021912, -0.6376983523368835], [0.9855681657791138, 0.12906920909881592, 0.10953044146299362], [-2.085708088074392e-17, -0.6470363140106201, 0.7624592185020449]], "fy": 1111.1110311937682, "fx": 1111.1110311937682}, {"id": 89, "img_name": "r_89", "width": 800, "height": 800, "position": [0.7726692557334897, 2.5245628356933585, -3.0462379455566397], "rotation": [[-0.9562165737152098, -0.22115705907344818, -0.1916756778955459], [0.2926602363586425, -0.7225923538208008, -0.6262670159339904], [2.702044319443937e-17, -0.6549426317214966, 0.7556787133216859]], "fy": 1111.1110311937682, "fx": 1111.1110311937682}, {"id": 90, "img_name": "r_90", "width": 800, "height": 800, "position": [-3.347424268722535, -0.45389851927757285, 2.199710845947265], "rotation": [[0.1343667358160019, -0.5407326817512512, 0.8303938508033752], [-0.9909318685531618, -0.07332137972116472, 0.11259837448596959], [-0.0, -0.8379928469657898, -0.5456811785697936]], "fy": 1111.1110311937682, "fx": 1111.1110311937682}, {"id": 91, "img_name": "r_91", "width": 800, "height": 800, "position": [0.9753977060317993, -3.9103524684906006, 0.08799523115158078], "rotation": [[0.9702703952789308, 0.005283126141875981, -0.24196641147136685], [0.2420240640640259, -0.021179961040616035, 0.9700391888618468], [8.385950425026277e-19, -0.999761700630188, -0.021828932687640187]], "fy": 1111.1110311937682, "fx": 1111.1110311937682}, {"id": 92, "img_name": "r_92", "width": 800, "height": 800, "position": [-1.5105104446411133, 3.0308012962341313, 2.18691635131836], "rotation": [[-0.8950042724609374, -0.24198962748050687, 0.3747115433216095], [-0.44605803489685064, 0.48554614186286926, -0.751849353313446], [-1.4901162915553136e-08, -0.8400511145591736, -0.5425072312355042]], "fy": 1111.1110311937682, "fx": 1111.1110311937682}, {"id": 93, "img_name": "r_93", "width": 800, "height": 800, "position": [-3.897087097167969, -0.10557347536087038, -1.025458812713623], "rotation": [[0.027080427855253223, 0.2542917430400849, 0.9667482972145081], [-0.9996334314346313, 0.006888854317367076, 0.02618955634534359], [8.385206547295052e-19, -0.9671030044555665, 0.2543850243091583]], "fy": 1111.1110311937682, "fx": 1111.1110311937682}, {"id": 94, "img_name": "r_94", "width": 800, "height": 800, "position": [-1.863304138183594, -0.9567104578018186, -3.4442420005798335], "rotation": [[0.4567588567733764, 0.7600761651992799, 0.4622289240360261], [-0.8895906805992125, 0.39025986194610596, 0.237330675125122], [-1.4901164779343353e-08, -0.5195971727371216, 0.8544113636016843]], "fy": 1111.1110311937682, "fx": 1111.1110311937682}, {"id": 95, "img_name": "r_95", "width": 800, "height": 800, "position": [-0.5743610262870791, -3.985353231430054, -0.19253402948379517], "rotation": [[0.9897741675376893, 0.006812947336584333, 0.14248144626617437], [-0.14264424145221713, 0.047273404896259315, 0.9886445403099061], [-8.2998934693777745e-19, -0.9988586902618408, 0.04776182025671005]], "fy": 1111.1110311937682, "fx": 1111.1110311937682}, {"id": 96, "img_name": "r_96", "width": 800, "height": 800, "position": [2.9519386291503906, -2.744235038757324, -0.07233320176601409], "rotation": [[0.6808705925941467, -0.013142002746462825, -0.7322859168052672], [0.7324038147926331, 0.012217308394610878, 0.6807609796524048], [1.2703135479822678e-18, -0.9998390078544617, 0.01794365979731083]], "fy": 1111.1110311937682, "fx": 1111.1110311937682}, {"id": 97, "img_name": "r_97", "width": 800, "height": 800, "position": [2.45554518699646, 2.532315731048585, -1.9513261318206785], "rotation": [[-0.7179052233695983, -0.3369770348072052, -0.6091457605361937], [0.6961409449577332, -0.3475123643875123, -0.6281902194023132], [-1.4901162910703065e-08, -0.8750323653221129, 0.48406442999839777]], "fy": 1111.1110311937682, "fx": 1111.1110311937682}, {"id": 98, "img_name": "r_98", "width": 800, "height": 800, "position": [-0.5659677982330322, 3.8077108860015874, 1.196251630783081], "rotation": [[-0.9891333580017091, -0.04362931475043296, 0.14039933681488037], [-0.14702208340168, 0.2935287654399871, -0.9445769190788268], [9.961282833907287e-19, -0.9549541473388672, -0.2967535257339477]], "fy": 1111.1110311937682, "fx": 1111.1110311937682}, {"id": 99, "img_name": "r_99", "width": 800, "height": 800, "position": [-2.4485237598419194, 1.4415719509124758, -2.8594758510589595], "rotation": [[-0.5073506236076355, 0.611273944377899, 0.6074039936065675], [-0.8617398738861084, -0.3598884642124176, -0.35760998725891124], [2.980232607920023e-08, -0.7048577666282656, 0.7093486189842225]], "fy": 1111.1110311937682, "fx": 1111.1110311937682}, {"id": 100, "img_name": "r_0", "width": 800, "height": 800, "position": [-0.0, 2.7372601032257076, 2.9592916965484624], "rotation": [[-1.0000001192092896, -0.0, -0.0], [0.0, 0.7341099977493286, -0.67903071641922], [-0.0, -0.6790306568145752, -0.7341099977493284]], "fy": 1111.1110311937682, "fx": 1111.1110